Date,Open,High,Low,Close,Volume
Date,Open,High,Low,Last,Close
2016-08-26,27.5,27.65,26.75,27.15,27.1
2016-08-25,28.05,28.35,26.95,27.5,27.35
2016-08-24,27.95,28.15,27.75,28.05,28.05
2016-08-23,28.15,28.35,27.75,28.0,27.9
2016-08-22,28.1,28.35,27.6,28.2,28.2
2016-08-19,27.6,28.2,27.5,27.95,28.0
2016-08-18,27.8,28.05,27.5,27.55,27.55
2016-08-17,27.0,27.95,26.85,27.7,27.75
2016-08-16,27.15,27.25,26.4,27.15,27.1
2016-08-12,27.45,27.45,26.6,26.8,26.85
2016-08-11,26.8,27.35,26.5,27.2,27.15
2016-08-10,27.5,27.85,26.75,26.85,26.85
2016-08-09,28.0,28.6,27.3,27.55,27.6
2016-08-08,27.4,28.3,27.2,27.85,28.0
2016-08-05,26.45,27.4,26.2,27.25,27.1
2016-08-04,26.8,26.9,26.15,26.4,26.3
2016-08-03,27.0,27.1,26.25,26.45,26.4
2016-08-02,27.5,27.6,26.9,27.0,27.0
2016-08-01,28.1,28.2,27.0,27.55,27.5
2016-07-29,28.1,28.3,27.9,28.0,27.95
2016-07-28,28.5,28.55,28.0,28.05,28.1
2016-07-27,28.55,28.75,28.2,28.4,28.4
2016-07-26,28.5,29.1,28.25,28.4,28.45
2016-07-25,28.5,28.5,28.3,28.45,28.45
2016-07-22,28.45,28.7,28.2,28.6,28.55
2016-07-21,28.7,28.85,28.25,28.25,28.35
2016-07-20,28.25,28.9,28.25,28.75,28.7
2016-07-19,28.6,28.7,28.05,28.45,28.35
2016-07-18,29.15,29.2,28.15,28.25,28.25
2016-07-15,29.6,29.65,28.8,28.85,28.9
2016-07-14,29.75,29.8,29.3,29.4,29.45
2016-07-13,30.05,30.3,29.55,29.6,29.7
2016-07-12,29.7,29.75,29.1,29.45,29.45
2016-07-11,29.6,29.7,29.4,29.6,29.6
2016-07-08,30.0,30.05,29.1,29.25,29.25
2016-07-07,30.3,30.5,29.9,29.95,29.95
2016-07-05,30.15,30.9,30.0,30.15,30.15
2016-07-04,30.45,31.0,30.2,30.25,30.3
2016-07-01,30.5,30.75,30.0,30.1,30.15
2016-06-30,30.65,31.25,29.8,30.85,30.5
2016-06-29,30.3,30.7,29.95,30.45,30.45
2016-06-28,29.5,30.7,29.5,30.2,30.45
2016-06-27,28.75,29.5,28.65,29.5,29.35
2016-06-24,28.95,28.95,27.0,28.75,28.8
2016-06-23,29.65,29.75,29.05,29.3,29.4
2016-06-22,30.0,30.3,29.4,29.5,29.55
2016-06-21,30.0,30.5,29.8,29.95,30.0
2016-06-20,29.55,30.05,29.5,29.65,29.7
2016-06-17,30.1,30.3,29.65,29.65,29.8
2016-06-16,30.0,30.2,29.5,29.85,29.9
2016-06-15,30.25,30.4,30.0,30.15,30.2
2016-06-14,29.45,30.25,29.4,30.05,30.05
2016-06-13,29.45,29.65,29.0,29.5,29.4
2016-06-10,29.7,30.3,29.6,29.7,29.7
2016-06-09,31.35,31.4,29.7,29.9,29.95
2016-06-08,30.0,31.4,29.8,31.05,30.7
2016-06-07,29.3,30.2,29.1,30.05,29.95
2016-06-06,29.6,29.7,28.75,29.15,29.1
2016-06-03,30.4,30.45,29.55,29.6,29.7
2016-06-02,30.2,30.7,30.1,30.2,30.2
2016-06-01,30.0,30.5,29.5,29.75,29.75
2016-05-31,30.1,30.6,29.25,29.7,29.8
2016-05-30,30.25,30.5,29.75,30.25,30.2
2016-05-27,30.85,31.05,29.8,30.05,30.05
2016-05-26,28.9,31.45,28.9,30.75,30.85
2016-05-25,28.3,28.9,28.1,28.8,28.6
2016-05-24,28.35,28.35,27.65,28.1,28.05
2016-05-23,28.65,28.7,27.9,28.0,28.0
2016-05-20,29.35,29.35,28.4,28.45,28.5
2016-05-19,29.35,29.95,28.6,28.9,28.95
2016-05-18,29.1,30.0,28.9,29.85,29.85
2016-05-17,29.75,29.75,29.15,29.3,29.25
2016-05-16,29.8,30.0,29.2,29.4,29.45
2016-05-13,29.6,30.25,29.4,29.7,29.65
2016-05-12,30.7,30.7,30.0,30.3,30.25
2016-05-11,29.6,30.6,29.35,30.15,30.1
2016-05-10,30.2,31.65,29.9,30.0,30.05
2016-05-09,30.2,30.5,29.9,30.25,30.15
2016-05-06,29.95,30.4,29.55,30.05,30.0
2016-05-05,30.55,30.8,29.25,30.1,30.0
2016-05-04,32.9,32.9,30.15,30.45,30.4
2016-05-03,32.5,32.9,31.45,31.6,31.65
2016-05-02,31.6,32.85,31.55,32.25,32.25
2016-04-29,31.85,32.5,31.3,32.0,32.05
2016-04-28,32.5,32.55,31.8,32.15,32.2
2016-04-27,32.95,32.95,32.1,32.35,32.3
2016-04-26,32.6,33.15,32.5,32.65,32.75
2016-04-25,34.05,34.1,32.75,32.9,32.95
2016-04-22,34.7,34.7,33.95,34.1,34.05
2016-04-21,34.2,34.8,34.15,34.15,34.3
2016-04-20,35.25,35.55,34.35,34.5,34.55
2016-04-18,34.85,35.5,34.25,35.2,35.1
2016-04-13,34.9,35.4,34.65,34.95,35.0
2016-04-12,34.65,35.4,34.15,34.75,34.75
2016-04-11,33.85,34.7,33.5,34.65,34.6
2016-04-08,32.55,33.75,32.3,33.45,33.55
2016-04-07,34.4,35.9,30.15,32.95,33.2
2016-04-06,33.4,34.6,32.9,34.2,34.2
2016-04-05,35.0,35.2,33.55,33.55,33.9
2016-04-04,35.1,36.1,34.95,35.3,35.2
2016-04-01,33.95,35.1,33.6,34.95,34.8
2016-03-31,32.75,35.6,32.55,34.2,34.45
2016-03-30,29.95,32.9,29.6,32.6,32.6
2016-03-29,30.3,30.5,28.75,30.0,29.4
2016-03-28,32.05,32.3,29.8,30.35,30.15
2016-03-23,31.5,32.0,31.35,31.95,31.8
2016-03-22,31.2,31.65,30.85,31.65,31.45
2016-03-21,30.0,31.3,30.0,31.2,31.15
2016-03-18,30.0,30.5,29.9,30.4,30.35
2016-03-17,30.15,30.45,29.85,30.0,30.0
2016-03-16,30.0,30.1,29.4,29.95,29.85
2016-03-15,29.95,30.3,29.7,29.85,29.9
2016-03-14,30.15,30.3,29.75,30.2,30.1
2016-03-11,29.8,30.25,29.25,29.95,29.85
2016-03-10,30.3,30.5,29.75,29.85,29.9
2016-03-09,29.55,30.35,29.1,30.3,30.25
2016-03-08,29.35,29.95,29.15,29.8,29.7
2016-03-04,29.5,30.1,29.15,29.5,29.45
2016-03-03,29.2,29.65,28.9,29.3,29.3
2016-03-02,28.95,29.85,28.65,29.3,29.15
2016-03-01,27.65,28.65,27.65,28.5,28.5
2016-02-29,28.3,28.7,26.65,27.6,27.5
2016-02-26,28.2,28.5,27.45,28.45,28.3
2016-02-25,27.9,28.1,27.35,27.95,27.75
2016-02-24,27.0,27.85,26.7,27.6,27.55
2016-02-23,27.95,28.0,26.9,26.95,27.05
2016-02-22,27.75,28.35,27.5,27.85,28.0
2016-02-19,27.15,28.0,27.15,27.85,27.75
2016-02-18,28.0,28.55,26.8,27.5,27.6
2016-02-17,27.2,27.9,26.2,27.8,27.75
2016-02-16,27.0,28.55,26.6,27.2,27.05
2016-02-15,25.7,27.5,25.25,26.55,26.5
2016-02-12,24.2,25.25,22.45,24.7,24.75
2016-02-11,25.6,25.9,23.75,23.95,24.1
2016-02-10,25.95,26.05,25.2,25.8,25.7
2016-02-09,25.85,26.25,25.25,26.15,26.1
2016-02-08,26.45,26.75,26.0,26.15,26.1
2016-02-05,25.6,26.35,25.0,26.35,26.1
2016-02-04,26.45,26.7,24.8,25.45,25.25
2016-02-03,27.0,27.0,25.7,26.1,26.05
2016-02-02,28.55,28.7,27.05,27.15,27.25
2016-02-01,29.0,29.4,28.35,28.6,28.6
2016-01-29,28.4,28.95,28.0,28.6,28.7
2016-01-28,28.5,28.75,28.0,28.3,28.3
2016-01-27,29.0,29.1,28.25,28.45,28.4
2016-01-25,28.25,28.6,27.55,28.2,28.2
2016-01-22,27.7,27.85,27.0,27.8,27.75
2016-01-21,27.0,27.4,25.7,26.6,26.55
2016-01-20,27.05,27.15,25.3,26.6,26.5
2016-01-19,26.5,28.3,26.15,27.5,27.35
2016-01-18,29.0,29.2,25.9,26.3,26.4
2016-01-15,31.25,31.8,29.1,29.15,29.45
2016-01-14,31.3,32.45,30.9,31.15,31.2
2016-01-13,33.45,33.75,30.75,32.3,32.25
2016-01-12,33.4,34.05,32.4,32.85,33.0
2016-01-11,32.8,33.85,32.05,33.3,33.3
2016-01-08,32.8,33.8,32.5,33.4,33.45
2016-01-07,33.8,33.8,31.3,31.9,32.0
2016-01-06,34.55,35.15,33.6,34.5,34.5
2016-01-05,32.85,34.6,32.85,34.45,34.3
2016-01-04,34.0,34.7,32.0,32.8,32.7
2016-01-01,32.5,34.4,32.3,34.1,34.0
2015-12-31,31.75,32.5,31.6,32.4,32.25
2015-12-30,30.5,32.05,30.4,31.75,31.55
2015-12-29,30.3,30.6,30.15,30.45,30.45
2015-12-28,30.0,30.5,29.8,30.2,30.2
2015-12-24,30.0,30.1,29.3,29.7,29.75
2015-12-23,29.9,30.2,29.35,29.9,29.85
2015-12-22,30.8,30.9,29.9,30.15,30.05
2015-12-21,28.25,31.4,28.2,30.8,30.7
2015-12-18,27.55,28.45,27.3,28.3,28.15
2015-12-17,27.0,27.7,27.0,27.6,27.55
2015-12-16,27.1,27.5,26.8,26.95,26.9
2015-12-15,27.05,27.25,26.8,27.0,27.05
2015-12-14,25.9,27.0,25.7,26.8,26.65
2015-12-11,26.75,27.0,25.95,26.1,26.15
2015-12-10,26.4,27.25,26.2,26.7,26.75
2015-12-09,27.35,27.7,26.25,26.3,26.35
2015-12-08,30.2,30.35,27.25,27.4,27.5
2015-12-07,30.65,30.8,30.1,30.45,30.45
2015-12-04,30.0,32.15,29.9,30.2,30.25
2015-12-03,30.1,30.7,30.05,30.2,30.2
2015-12-02,30.75,31.1,29.85,30.3,30.3
2015-12-01,30.9,31.05,30.5,30.65,30.6
2015-11-30,30.95,31.45,30.6,30.75,30.7
2015-11-27,30.5,31.7,30.4,30.75,30.75
2015-11-26,29.25,30.9,29.05,30.7,30.45
2015-11-24,29.3,29.6,29.05,29.15,29.1
2015-11-23,29.15,29.5,28.85,29.35,29.35
2015-11-20,28.35,29.4,28.2,29.05,28.95
2015-11-19,28.15,28.65,28.0,28.45,28.3
2015-11-18,28.65,29.1,27.65,27.85,27.85
2015-11-17,28.5,29.35,28.25,28.6,28.6
2015-11-16,27.35,28.65,27.15,28.55,28.45
2015-11-13,27.4,27.8,26.9,27.5,27.4
2015-11-11,27.4,27.85,27.25,27.6,27.6
2015-11-10,27.3,27.9,26.5,26.95,26.95
2015-11-09,26.25,27.95,26.2,27.25,27.4
2015-11-06,30.5,30.95,28.3,28.8,28.75
2015-11-05,30.8,31.1,29.9,30.2,30.05
2015-11-04,31.05,31.4,30.45,30.7,30.7
2015-11-03,31.8,32.5,30.25,30.4,30.8
2015-11-02,31.7,31.9,30.9,31.75,31.65
2015-10-30,31.1,32.65,30.7,31.35,31.5
2015-10-29,30.2,31.4,30.0,30.9,31.0
2015-10-28,30.4,30.6,29.6,30.05,30.05
2015-10-27,30.0,30.55,29.75,30.5,30.35
2015-10-26,31.0,31.45,29.8,29.95,29.9
2015-10-23,30.9,31.4,30.3,30.65,30.65
2015-10-21,31.4,31.45,29.85,30.55,30.6
2015-10-20,28.85,31.8,28.8,31.1,31.1
2015-10-19,29.4,29.65,28.6,28.8,28.7
2015-10-16,29.95,29.95,29.0,29.4,29.35
2015-10-15,28.25,29.55,28.2,29.15,29.25
2015-10-14,28.5,29.0,27.8,27.95,28.05
2015-10-13,29.0,29.3,28.25,28.5,28.45
2015-10-12,26.5,29.75,26.5,29.1,29.05
2015-10-09,26.4,26.75,26.05,26.35,26.25
2015-10-08,26.8,26.8,26.1,26.25,26.3
2015-10-07,25.95,26.9,25.9,26.5,26.6
2015-10-06,25.35,26.1,25.0,26.0,25.9
2015-10-05,24.65,25.2,24.4,25.15,24.95
2015-10-01,24.95,25.15,24.15,24.25,24.4
2015-09-30,24.85,24.95,24.3,24.75,24.7
2015-09-29,24.2,24.7,23.5,24.55,24.5
2015-09-28,24.9,25.45,24.0,24.3,24.35
2015-09-24,24.6,25.2,24.2,24.85,24.95
2015-09-23,24.5,25.0,24.05,24.75,24.7
2015-09-22,25.1,25.2,24.0,24.55,24.6
2015-09-21,23.2,24.95,23.1,24.7,24.8
2015-09-18,23.45,24.4,23.35,23.4,23.6
2015-09-16,23.0,23.55,22.8,23.4,23.45
2015-09-15,23.25,23.55,22.45,22.9,22.9
2015-09-14,22.35,23.9,22.15,23.35,23.4
2015-09-11,22.25,22.6,21.7,22.6,22.35
2015-09-10,21.45,22.5,21.05,22.5,22.1
2015-09-09,22.0,22.4,21.7,22.05,22.05
2015-09-08,21.0,22.1,20.75,21.8,21.75
2015-09-07,21.1,21.35,20.1,21.0,20.75
2015-09-04,21.6,21.75,20.3,21.0,20.9
2015-09-03,21.45,22.25,21.3,21.8,21.95
2015-09-02,21.4,21.55,20.95,21.1,21.1
2015-09-01,22.4,22.4,20.9,21.2,21.1
2015-08-31,22.8,23.15,22.3,22.5,22.5
2015-08-28,23.6,23.9,21.9,22.8,22.6
2015-08-27,22.3,23.65,21.8,23.3,23.2
2015-08-26,21.5,22.2,20.2,22.1,21.75
2015-08-25,22.05,22.3,19.6,21.55,21.4
2015-08-24,24.7,24.7,20.55,20.8,21.05
2015-08-21,25.5,25.85,25.2,25.65,25.65
2015-08-20,26.95,26.95,25.8,26.1,25.95
2015-08-19,27.1,27.2,26.75,26.95,27.0
2015-08-18,26.8,27.35,26.3,27.2,27.0
2015-08-17,27.1,27.1,26.1,26.75,26.65
2015-08-14,26.2,27.1,25.85,26.95,26.95
2015-08-13,26.4,26.75,25.65,26.1,25.95
2015-08-12,26.85,27.05,25.55,26.15,25.95
2015-08-11,27.7,27.9,26.85,27.15,27.05
2015-08-10,28.55,28.9,27.4,27.65,27.7
2015-08-07,28.7,29.0,28.25,28.45,28.4
2015-08-06,28.55,29.35,28.1,28.85,28.9
2015-08-05,28.65,29.5,28.25,28.65,28.65
2015-08-04,28.25,29.05,27.6,28.4,28.45
2015-08-03,27.4,28.1,27.35,28.0,27.95
2015-07-31,27.5,27.7,27.1,27.4,27.4
2015-07-30,27.0,27.35,26.5,27.2,27.05
2015-07-29,27.0,27.15,26.3,26.7,26.6
2015-07-28,27.1,27.35,26.65,26.95,26.9
2015-07-27,27.9,27.9,26.95,26.95,27.05
2015-07-24,28.6,28.6,27.6,27.9,27.85
2015-07-23,28.8,29.1,28.25,28.4,28.45
2015-07-22,28.4,28.85,27.95,28.7,28.65
2015-07-21,29.0,29.25,27.85,28.3,28.05
2015-07-20,30.05,30.25,28.95,29.1,29.1
2015-07-17,29.55,30.5,29.25,29.95,30.05
2015-07-16,29.0,29.6,28.65,29.4,29.3
2015-07-15,28.9,29.05,27.8,28.25,28.05
2015-07-14,28.85,29.3,28.6,28.65,28.7
2015-07-13,28.65,28.85,28.15,28.55,28.5
2015-07-10,30.1,30.25,28.15,28.5,28.5
2015-07-09,30.05,30.4,29.8,29.9,29.9
2015-07-08,30.25,30.45,29.45,30.0,29.95
2015-07-07,30.15,31.15,30.05,30.5,30.55
2015-07-06,28.65,30.15,28.2,30.1,29.9
2015-07-03,29.6,29.75,28.7,29.0,28.9
2015-07-02,30.2,30.2,29.3,29.5,29.45
2015-07-01,29.35,30.45,29.05,29.9,29.9
2015-06-30,28.75,29.4,28.6,29.15,29.2
2015-06-29,29.0,29.15,27.5,28.7,28.9
2015-06-26,30.95,30.95,29.15,29.8,29.75
2015-06-25,29.7,31.05,29.35,30.7,30.7
2015-06-24,30.05,30.9,29.4,29.75,29.75
2015-06-23,28.0,30.0,27.85,30.0,29.7
2015-06-22,27.6,28.4,26.8,28.1,28.0
2015-06-19,27.7,28.45,26.85,27.6,27.5
2015-06-18,29.5,29.5,26.5,27.4,27.45
2015-06-17,29.4,29.9,29.0,29.35,29.4
2015-06-16,29.7,29.75,28.1,29.1,29.1
2015-06-15,29.75,30.35,29.05,29.7,29.7
2015-06-12,29.55,29.7,28.4,29.25,29.2
2015-06-11,31.0,31.1,29.2,29.5,29.4
2015-06-10,30.95,31.35,30.35,30.6,30.7
2015-06-09,30.3,31.6,29.9,30.6,30.8
2015-06-08,31.9,31.9,29.8,30.4,30.45
2015-06-05,32.0,32.6,31.05,31.4,31.5
2015-06-04,33.15,33.45,31.0,31.8,31.9
2015-06-03,36.5,36.5,29.6,32.9,32.4
2015-06-02,37.45,37.6,36.05,36.3,36.25
2015-06-01,39.15,39.15,37.05,37.35,37.35
2015-05-29,38.65,39.2,38.5,39.2,38.95
2015-05-28,40.0,40.15,38.3,38.5,38.55
2015-05-27,40.05,40.8,39.45,39.85,39.9
2015-05-26,40.75,40.75,40.15,40.3,40.2
2015-05-25,40.4,40.8,40.15,40.3,40.35
2015-05-22,41.2,41.35,40.2,40.3,40.35
2015-05-21,41.7,41.95,40.8,41.2,41.15
2015-05-20,42.0,42.35,41.5,41.55,41.7
2015-05-19,42.25,42.45,41.5,41.8,41.85
2015-05-18,41.7,42.2,41.5,41.85,41.9
2015-05-15,41.6,42.15,40.8,41.2,41.1
2015-05-14,40.65,41.5,40.4,41.25,41.15
2015-05-13,40.5,41.5,40.15,41.15,41.1
2015-05-12,42.7,42.7,40.05,40.4,40.3
2015-05-11,42.0,44.3,41.6,42.9,43.4
2015-05-08,41.0,42.15,41.0,41.65,41.8
2015-05-07,42.1,42.35,39.8,39.95,40.45
2015-05-06,44.3,44.4,41.9,42.0,42.05
2015-05-05,44.55,45.45,44.2,44.45,44.55
2015-05-04,43.3,45.05,43.1,44.85,44.85
2015-04-30,43.0,43.2,42.2,43.15,42.95
2015-04-29,42.9,43.3,42.1,42.8,42.85
2015-04-28,42.2,42.7,41.3,42.3,42.45
2015-04-27,43.75,44.0,41.8,41.9,42.15
2015-04-24,44.25,44.5,43.05,43.6,43.65
2015-04-23,45.9,45.9,44.05,44.2,44.4
2015-04-22,45.35,45.7,44.3,45.35,45.35
2015-04-21,46.25,46.25,44.9,45.05,45.05
2015-04-20,47.5,47.5,45.15,45.6,45.55
2015-04-17,48.0,48.65,47.05,47.45,47.5
2015-04-16,48.85,49.3,47.7,48.05,48.05
2015-04-15,49.5,50.15,48.5,48.55,48.85
2015-04-13,49.6,50.2,48.8,49.35,49.5
2015-04-10,49.4,50.45,48.7,49.35,49.8
2015-04-09,49.3,50.25,48.9,49.3,49.35
2015-04-08,48.7,49.5,48.1,48.3,48.55
2015-04-07,47.45,48.95,47.05,48.55,48.65
2015-04-06,47.9,47.95,46.65,47.35,47.35
2015-04-01,46.7,48.0,46.7,47.65,47.75
2015-03-31,47.8,48.75,46.9,47.25,47.3
2015-03-30,46.2,47.8,46.2,47.45,47.5
2015-03-27,46.55,47.1,44.65,46.1,46.0
2015-03-26,46.0,47.5,45.9,46.5,46.35
2015-03-25,46.1,46.75,45.85,46.35,46.45
2015-03-24,46.65,47.3,45.75,46.35,46.1
2015-03-23,47.9,47.9,46.6,46.8,46.75
2015-03-20,48.1,48.1,46.5,47.45,47.5
2015-03-19,50.5,50.85,47.75,47.95,48.05
2015-03-18,50.7,50.9,49.85,50.1,50.15
2015-03-17,50.9,51.1,49.55,50.3,50.45
2015-03-16,50.15,51.05,49.4,50.3,50.4
2015-03-13,53.3,53.3,49.7,50.3,50.0
2015-03-12,51.8,53.1,51.8,52.6,52.8
2015-03-11,52.8,53.25,50.65,51.5,51.55
2015-03-10,55.0,55.45,51.9,52.35,52.25
2015-03-09,58.15,58.15,54.5,54.85,54.95
2015-03-05,58.3,60.15,56.6,59.35,59.4
2015-03-04,57.9,59.35,56.0,56.55,56.6
2015-03-03,56.5,57.5,55.7,57.0,57.1
2015-03-02,56.45,56.55,54.55,55.35,55.35
2015-02-28,58.0,58.6,54.75,55.8,56.05
2015-02-27,55.4,57.55,55.15,57.3,57.4
2015-02-26,56.0,56.0,54.65,54.95,54.9
2015-02-25,57.15,57.4,55.5,55.55,55.85
2015-02-24,56.95,57.9,55.25,56.6,56.7
2015-02-23,55.1,57.65,54.45,56.55,57.0
2015-02-20,55.95,56.0,54.5,54.65,54.8
2015-02-19,51.95,55.7,51.4,55.5,55.35
2015-02-18,50.9,51.95,50.65,51.6,51.45
2015-02-16,51.05,52.05,49.6,50.65,50.5
2015-02-13,51.4,52.35,50.75,51.0,50.95
2015-02-12,49.6,52.4,49.4,51.95,51.95
2015-02-11,47.0,49.8,47.0,49.7,49.4
2015-02-10,46.3,47.6,45.65,46.9,46.75
2015-02-09,46.8,47.9,46.05,46.35,46.4
2015-02-06,47.55,48.2,46.8,47.25,47.1
2015-02-05,50.15,50.15,46.85,47.35,47.45
2015-02-04,50.2,51.3,48.8,49.6,50.15
2015-02-03,51.95,52.0,49.6,49.75,49.85
2015-02-02,52.4,52.75,51.3,51.6,51.75
2015-01-30,52.0,53.1,50.5,51.9,51.95
2015-01-29,50.2,52.1,49.35,51.55,51.6
2015-01-28,49.9,50.9,48.2,49.85,49.75
2015-01-27,51.3,51.6,49.65,49.95,50.0
2015-01-23,48.0,51.35,47.4,50.75,50.85
2015-01-22,46.25,48.25,45.9,47.7,47.25
2015-01-21,46.55,46.7,45.7,45.9,46.0
2015-01-20,46.65,46.9,46.3,46.55,46.55
2015-01-19,46.1,46.9,45.9,46.7,46.65
2015-01-16,45.95,46.3,45.55,45.85,45.8
2015-01-15,46.05,46.55,45.65,45.85,45.95
2015-01-14,45.4,46.2,45.2,45.6,45.5
2015-01-13,46.9,47.1,45.15,45.65,45.45
2015-01-12,45.0,46.9,44.55,46.8,46.75
2015-01-09,46.0,46.1,44.45,44.6,44.75
2015-01-08,44.6,45.65,44.45,45.4,45.45
2015-01-07,43.9,44.7,43.3,44.2,44.15
2015-01-06,44.75,45.75,43.55,43.9,44.05
2015-01-05,45.0,46.0,44.85,45.2,45.1
2015-01-02,44.2,45.3,44.2,45.2,44.95
2015-01-01,44.1,44.35,43.8,44.2,44.2
2014-12-31,44.5,44.75,43.8,44.3,44.3
2014-12-30,43.1,44.5,42.8,44.4,44.35
2014-12-29,42.6,43.75,42.6,43.0,43.05
2014-12-26,42.35,43.1,42.0,42.6,42.8
2014-12-24,41.3,43.1,41.1,42.7,42.45
2014-12-23,42.45,42.95,41.15,41.35,41.4
2014-12-22,42.5,42.8,42.05,42.75,42.6
2014-12-19,41.65,42.65,41.65,42.35,42.15
2014-12-18,40.85,41.75,40.85,41.6,41.55
2014-12-17,40.2,40.8,38.75,39.95,40.0
2014-12-16,43.35,43.7,39.8,40.3,40.2
2014-12-15,43.5,44.05,43.2,43.4,43.35
2014-12-12,44.5,44.9,43.55,43.7,43.65
2014-12-11,44.85,45.3,44.0,44.45,44.45
2014-12-10,43.2,45.4,43.2,45.0,44.9
2014-12-09,44.4,45.45,43.1,43.65,43.6
2014-12-08,44.35,45.1,43.8,44.85,44.85
2014-12-05,44.7,45.25,44.4,44.45,44.5
2014-12-04,45.7,46.05,44.2,44.8,44.65
2014-12-03,44.5,45.9,44.5,45.55,45.6
2014-12-02,44.05,44.85,43.8,44.25,44.45
2014-12-01,45.7,45.85,44.1,44.25,44.35
2014-11-28,45.75,46.65,45.45,45.6,45.6
2014-11-27,46.1,46.5,45.2,45.7,45.75
2014-11-26,45.2,46.7,45.0,46.1,46.1
2014-11-25,47.35,47.4,44.7,45.15,45.25
2014-11-24,46.5,46.85,45.75,46.55,46.55
2014-11-21,45.7,46.7,45.3,45.45,45.45
2014-11-20,46.2,46.45,45.25,45.85,46.0
2014-11-19,48.2,48.55,46.05,46.4,46.35
2014-11-18,47.75,48.6,47.5,48.2,48.2
2014-11-17,45.4,47.5,45.3,47.2,47.25
2014-11-14,45.0,46.0,44.7,45.75,45.85
2014-11-13,46.65,46.75,44.9,45.0,45.15
2014-11-12,46.8,47.5,46.2,46.35,46.4
2014-11-11,46.15,46.9,45.6,46.8,46.6
2014-11-10,47.55,48.65,46.05,46.2,46.45
2014-11-07,47.75,48.2,46.75,47.7,47.75
2014-11-05,49.75,50.15,47.4,47.65,47.7
2014-11-03,48.35,49.75,47.6,49.2,49.15
2014-10-31,46.45,48.25,46.3,47.85,48.0
2014-10-30,45.9,46.0,45.4,45.65,45.65
2014-10-29,46.0,46.25,45.6,46.0,46.05
2014-10-28,45.1,46.1,44.55,45.85,45.8
2014-10-27,46.65,46.65,45.25,45.25,45.4
2014-10-23,45.85,46.1,45.55,46.05,45.9
2014-10-22,45.4,45.8,45.1,45.5,45.45
2014-10-21,44.1,45.35,44.05,44.95,44.9
2014-10-20,43.6,44.0,43.1,43.65,43.6
2014-10-17,42.25,43.0,41.65,42.65,42.6
2014-10-16,42.9,44.05,41.9,42.35,42.2
2014-10-14,43.5,44.1,43.0,43.2,43.25
2014-10-13,42.75,43.65,42.3,43.25,43.35
2014-10-10,43.9,43.95,42.65,42.8,42.9
2014-10-09,42.65,44.9,42.65,44.3,44.2
2014-10-08,41.5,42.85,41.45,42.6,42.65
2014-10-07,42.95,43.3,41.7,41.85,41.95
2014-10-01,43.1,43.95,43.0,43.05,43.15
2014-09-30,44.4,45.1,43.2,43.2,43.4
2014-09-29,45.3,45.75,44.1,44.55,44.4
2014-09-26,42.8,45.45,42.0,44.8,45.1
2014-09-25,46.8,47.0,42.1,42.9,42.45
2014-09-24,48.05,48.2,45.05,46.35,46.7
2014-09-23,50.2,50.75,47.45,47.55,47.7
2014-09-22,50.8,51.3,50.25,50.35,50.45
2014-09-19,53.0,53.2,51.0,51.3,51.3
2014-09-18,49.15,54.7,48.95,52.8,53.0
2014-09-17,49.5,49.5,48.3,49.15,49.2
2014-09-16,50.6,51.5,48.25,48.5,48.6
2014-09-15,50.4,50.9,49.45,50.3,50.5
2014-09-12,51.45,51.45,50.3,50.45,50.4
2014-09-11,50.45,51.45,50.1,51.15,51.15
2014-09-10,50.2,50.65,49.4,49.95,50.0
2014-09-09,50.1,51.0,49.05,50.5,50.75
2014-09-08,50.0,50.5,49.8,50.1,50.2
2014-09-05,50.0,50.0,48.5,48.9,49.0
2014-09-04,48.85,49.95,48.15,49.25,49.35
2014-09-03,50.4,51.0,49.1,49.45,49.3
2014-09-02,50.2,51.75,50.2,50.5,50.7
2014-09-01,47.2,50.6,47.15,50.2,50.2
2014-08-28,48.5,48.8,47.05,47.25,47.2
2014-08-27,49.4,49.65,48.4,48.85,48.7
2014-08-26,51.8,51.8,48.55,49.05,49.4
2014-08-25,54.8,55.7,52.5,52.85,52.8
2014-08-22,54.85,55.75,54.4,54.8,55.0
2014-08-21,55.55,56.85,54.8,55.45,55.35
2014-08-20,55.2,56.55,54.5,55.65,55.8
2014-08-19,54.0,55.5,54.0,55.0,55.1
2014-08-18,53.1,54.45,53.1,53.95,54.0
2014-08-14,53.0,53.85,52.7,53.5,53.55
2014-08-13,53.65,54.0,50.55,51.95,52.0
2014-08-12,54.4,54.9,53.75,53.9,54.1
2014-08-11,54.05,54.9,53.8,53.95,54.1
2014-08-08,55.0,55.1,53.1,53.35,53.3
2014-08-07,56.5,56.75,55.45,55.5,55.6
2014-08-06,56.5,57.9,56.35,56.5,56.75
2014-08-05,56.3,56.6,55.5,56.5,56.35
2014-08-04,55.15,56.35,55.15,56.1,56.2
2014-08-01,56.0,56.75,55.3,55.6,55.5
2014-07-31,56.7,57.8,56.4,56.65,56.6
2014-07-30,56.5,57.55,56.0,57.35,57.25
2014-07-28,56.1,57.1,54.25,56.1,56.05
2014-07-25,57.95,58.15,55.1,55.9,56.15
2014-07-24,59.5,60.2,57.25,57.95,57.9
2014-07-23,60.35,60.7,58.5,59.2,59.2
2014-07-22,60.8,60.85,59.3,60.0,60.0
2014-07-21,61.0,62.0,60.05,60.2,60.4
2014-07-18,61.0,61.5,59.7,60.4,60.55
2014-07-17,59.65,61.85,59.1,61.35,61.45
2014-07-16,58.25,59.85,57.35,59.8,59.5
2014-07-15,57.7,58.5,56.95,58.45,58.15
2014-07-14,55.9,58.2,55.85,57.3,57.15
2014-07-11,60.1,61.0,56.0,56.4,56.45
2014-07-10,58.05,62.0,56.3,59.45,59.5
2014-07-09,60.0,60.35,56.0,57.65,57.7
2014-07-08,65.8,65.8,59.0,59.35,59.85
2014-07-07,65.55,66.0,65.2,65.5,65.5
2014-07-04,65.7,66.05,64.15,65.45,65.55
2014-07-03,66.0,67.25,65.05,65.2,65.5
2014-07-02,64.0,66.2,63.7,65.5,65.35
2014-07-01,62.95,64.15,62.35,63.55,63.55
2014-06-30,60.65,62.75,60.5,62.6,62.55
2014-06-27,60.7,60.95,59.4,60.15,60.35
2014-06-26,61.05,61.3,60.1,60.4,60.35
2014-06-25,60.45,61.3,59.9,60.65,60.7
2014-06-24,58.55,60.6,58.55,60.25,60.0
2014-06-23,59.05,59.45,58.5,58.85,58.95
2014-06-20,58.8,60.0,58.1,58.6,58.8
2014-06-19,59.6,59.9,58.1,58.35,58.5
2014-06-18,60.7,61.4,58.0,58.8,59.05
2014-06-17,58.25,60.6,58.25,60.5,60.35
2014-06-16,58.5,59.2,56.35,58.7,58.75
2014-06-13,62.35,62.85,58.35,58.7,58.9
2014-06-12,61.6,62.85,60.85,62.15,62.0
2014-06-11,63.5,65.1,61.3,61.5,61.85
2014-06-10,64.5,64.7,62.05,63.3,63.45
2014-06-09,63.9,64.9,63.5,64.25,64.35
2014-06-06,64.25,64.65,62.5,63.5,63.7
2014-06-05,63.4,64.0,61.85,63.7,63.8
2014-06-04,61.75,63.2,61.5,62.9,62.95
2014-06-03,62.3,62.5,60.95,61.5,61.65
2014-06-02,60.8,62.1,60.4,61.9,61.75
2014-05-30,59.05,60.8,58.7,60.6,60.2
2014-05-29,59.4,60.35,58.55,59.05,58.8
2014-05-28,59.5,60.85,59.15,60.0,60.05
2014-05-27,61.0,61.2,56.5,59.1,59.35
2014-05-26,66.4,68.35,56.85,60.45,60.7
2014-05-23,64.35,65.95,64.35,65.55,65.4
2014-05-22,63.25,65.0,62.9,64.45,64.3
2014-05-21,60.7,62.75,59.55,62.4,62.25
2014-05-20,60.85,61.9,59.0,60.2,60.15
2014-05-19,55.95,60.2,55.6,60.0,59.9
2014-05-16,59.0,59.3,55.1,55.6,55.6
2014-05-15,54.95,56.75,53.5,54.85,54.95
2014-05-14,54.0,55.6,53.45,54.65,54.55
2014-05-13,51.0,53.9,50.55,53.4,53.55
2014-05-12,49.95,51.25,49.2,49.8,49.7
2014-05-09,47.0,50.1,46.7,49.5,49.45
2014-05-08,48.6,48.85,46.75,46.9,47.0
2014-05-07,48.65,49.35,48.1,48.4,48.4
2014-05-06,48.85,49.85,48.2,48.8,48.9
2014-05-05,47.85,49.65,46.95,48.4,48.35
2014-05-02,48.25,49.25,47.5,48.05,48.05
2014-04-30,51.4,51.85,44.55,48.1,48.15
2014-04-29,50.9,52.85,50.65,51.05,51.1
2014-04-28,50.2,51.9,50.15,51.4,51.25
2014-04-25,50.4,52.2,50.4,50.75,50.75
2014-04-23,51.4,51.5,49.7,50.75,50.75
2014-04-22,52.15,52.5,51.15,51.35,51.3
2014-04-21,52.5,53.35,51.9,52.0,52.0
2014-04-17,52.0,52.95,51.7,51.95,52.05
2014-04-16,53.0,54.7,50.6,51.6,51.55
2014-04-15,55.6,55.6,52.5,52.75,52.9
2014-04-11,56.3,56.45,54.5,55.0,55.05
2014-04-10,56.25,59.25,54.85,56.1,56.3
2014-04-09,55.15,56.4,54.65,55.8,55.75
2014-04-07,54.4,56.5,53.25,54.5,54.55
2014-04-04,52.25,55.4,52.1,54.05,54.05
2014-04-03,50.5,52.15,49.1,51.65,51.7
2014-04-02,48.0,50.8,48.0,50.5,50.2
2014-04-01,49.0,49.4,46.95,48.0,47.95
2014-03-31,49.0,52.0,47.85,48.45,48.6
2014-03-28,41.7,49.0,41.5,48.3,48.4
2014-03-27,41.65,42.1,41.25,41.45,41.45
2014-03-26,42.1,42.5,41.3,41.65,41.45
2014-03-25,41.8,42.55,41.55,42.2,42.15
2014-03-24,41.5,42.65,41.4,41.8,41.8
2014-03-22,41.45,41.45,41.15,41.3,41.25
2014-03-21,41.9,41.95,41.1,41.2,41.2
2014-03-20,42.0,42.2,41.25,41.45,41.5
2014-03-19,42.0,42.85,41.75,42.2,42.25
2014-03-18,40.85,42.0,40.1,41.7,41.65
2014-03-14,40.0,40.8,39.3,40.5,40.45
2014-03-13,40.1,41.8,39.95,40.4,40.25
2014-03-12,41.2,41.2,39.6,40.15,40.1
2014-03-11,41.45,42.05,40.7,41.3,41.25
2014-03-10,39.45,41.45,39.2,41.05,40.95
2014-03-07,37.35,40.0,37.2,39.6,39.7
2014-03-06,36.9,37.65,36.4,37.25,37.35
2014-03-05,35.9,37.2,35.85,36.8,36.8
2014-03-04,35.9,36.35,34.8,35.8,35.75
2014-03-03,35.8,36.7,35.65,35.95,35.85
2014-02-28,36.25,37.0,35.6,35.9,35.9
2014-02-26,35.9,36.5,34.8,36.1,36.25
2014-02-25,36.5,36.7,35.1,35.4,35.35
2014-02-24,38.45,38.45,36.25,36.45,36.4
2014-02-21,36.5,37.0,36.15,36.45,36.55
2014-02-20,35.45,37.1,35.05,36.6,36.6
2014-02-19,36.0,36.3,35.25,35.5,35.65
2014-02-18,33.8,36.35,33.75,36.1,36.05
2014-02-17,33.2,34.55,33.1,34.3,34.2
2014-02-14,33.15,33.15,32.5,32.85,32.9
2014-02-13,34.35,34.6,32.8,32.95,32.9
2014-02-12,34.75,34.9,34.1,34.6,34.35
2014-02-11,34.65,34.95,34.15,34.45,34.6
2014-02-10,35.7,35.9,34.4,34.6,34.65
2014-02-07,34.85,35.7,34.5,35.65,35.55
2014-02-06,33.65,34.85,33.5,34.8,34.75
2014-02-05,33.0,33.85,32.4,33.75,33.55
2014-02-04,32.0,33.2,31.8,33.2,32.9
2014-02-03,32.5,33.6,32.2,32.65,32.5
2014-01-31,32.3,32.9,32.3,32.8,32.6
2014-01-30,32.65,33.5,31.8,32.25,32.05
2014-01-29,33.05,33.45,32.9,32.9,33.1
2014-01-28,33.0,33.85,32.15,32.8,32.9
2014-01-27,34.0,34.0,32.8,32.9,32.95
2014-01-24,34.8,35.45,34.0,34.1,34.25
2014-01-23,34.9,35.2,34.6,35.15,35.05
2014-01-22,34.4,34.8,34.4,34.65,34.65
2014-01-21,34.75,34.95,34.35,34.6,34.6
2014-01-20,34.05,34.95,34.05,34.85,34.75
2014-01-17,34.8,35.1,34.25,34.25,34.35
2014-01-16,35.25,35.35,34.75,34.85,34.9
2014-01-15,35.0,35.25,34.55,35.1,35.0
2014-01-14,34.4,35.35,34.25,34.95,34.95
2014-01-13,35.0,35.4,34.5,34.8,34.75
2014-01-10,35.55,36.1,34.75,34.75,34.95
2014-01-09,35.9,36.6,35.6,35.7,35.75
2014-01-08,36.2,36.4,35.65,35.75,35.8
2014-01-07,37.2,37.4,35.85,35.9,36.0
2014-01-06,36.5,37.4,35.75,36.9,36.9
2014-01-03,37.0,37.1,35.8,36.5,36.5
2014-01-02,39.2,39.4,36.8,37.2,37.15
2014-01-01,39.6,39.75,39.15,39.5,39.45
2013-12-31,39.05,39.6,38.65,39.0,38.95
2013-12-30,39.65,40.1,38.9,39.25,39.1
2013-12-27,40.15,40.55,39.25,39.65,39.5
2013-12-26,38.55,39.95,38.15,39.7,39.5
2013-12-24,39.0,39.35,38.15,38.35,38.3
2013-12-23,38.4,39.1,38.1,38.8,38.8
2013-12-20,36.6,38.3,36.5,38.1,38.1
2013-12-19,37.7,38.05,36.5,36.85,36.95
2013-12-18,36.25,38.0,36.25,37.65,37.7
2013-12-17,37.5,37.7,36.3,36.3,36.6
2013-12-16,37.85,37.95,36.5,37.05,37.1
2013-12-13,38.1,38.85,37.9,38.0,38.1
2013-12-12,38.0,39.4,37.9,38.4,38.45
2013-12-11,38.65,39.15,38.15,38.5,38.45
2013-12-10,40.8,40.85,38.1,38.8,38.7
2013-12-09,42.05,42.7,40.45,40.55,40.7
2013-12-06,39.4,40.6,38.5,40.45,40.3
2013-12-05,40.0,40.5,38.9,39.15,39.2
2013-12-04,36.2,39.75,36.1,38.3,38.15
2013-12-03,36.1,36.65,35.8,36.0,36.0
2013-12-02,35.8,36.75,35.6,36.2,36.25
2013-11-29,34.7,35.8,34.7,35.55,35.6
2013-11-28,34.2,35.2,34.05,34.65,34.3
2013-11-27,34.65,35.0,33.8,34.1,34.1
2013-11-26,35.5,36.1,34.45,34.8,34.8
2013-11-25,35.8,36.2,35.05,35.8,35.8
2013-11-22,35.25,35.8,35.0,35.5,35.35
2013-11-21,36.1,36.4,34.3,35.0,34.8
2013-11-20,34.9,37.25,34.75,35.75,36.0
2013-11-19,34.95,35.4,34.75,35.0,34.9
2013-11-18,35.1,35.55,34.6,34.85,35.0
2013-11-14,34.0,35.1,33.7,34.85,34.7
2013-11-13,33.6,34.25,33.15,33.4,33.35
2013-11-12,35.2,35.5,33.65,33.7,33.85
2013-11-11,35.4,35.95,34.5,34.95,35.1
2013-11-08,34.3,35.45,34.0,35.25,35.3
2013-11-07,35.75,36.25,33.9,34.15,34.35
2013-11-06,35.55,36.5,35.25,35.4,35.45
2013-11-05,34.65,35.9,33.5,35.1,35.25
2013-11-03,34.65,34.8,34.3,34.45,34.5
2013-11-01,32.3,34.75,32.3,34.2,34.35
2013-10-31,32.4,33.0,32.05,32.5,32.7
2013-10-30,32.5,32.9,32.1,32.3,32.3
2013-10-29,32.2,33.1,32.0,32.25,32.35
2013-10-28,33.05,33.6,32.25,32.6,32.4
2013-10-25,35.0,35.2,33.2,33.3,33.45
2013-10-24,35.1,36.45,35.0,35.0,35.3
2013-10-23,36.7,37.0,34.9,35.6,35.5
2013-10-22,36.15,37.4,35.45,36.45,36.45
2013-10-21,35.05,37.1,35.05,36.2,36.35
2013-10-18,34.8,35.5,34.65,35.0,34.95
2013-10-17,34.95,35.6,34.35,34.8,34.7
2013-10-15,36.0,36.4,34.1,34.6,34.7
2013-10-14,35.05,36.6,34.9,35.7,35.8
2013-10-11,35.2,35.5,34.35,35.05,35.1
2013-10-10,35.2,35.7,34.7,35.25,35.2
2013-10-09,33.75,35.55,33.6,34.95,35.0
2013-10-08,33.3,34.2,33.3,33.8,33.7
2013-10-07,32.9,33.4,32.7,33.4,33.25
2013-10-04,33.1,33.4,32.7,33.0,32.95
2013-10-03,32.0,33.55,31.8,32.75,33.2
2013-10-01,32.05,32.5,31.75,31.8,31.9
2013-09-30,33.0,33.0,32.0,32.2,32.25
2013-09-27,33.25,33.8,32.8,33.0,33.05
2013-09-26,34.4,34.4,33.0,33.25,33.25
2013-09-25,34.0,34.5,33.35,33.85,34.05
2013-09-24,34.0,34.7,33.8,34.0,34.1
2013-09-23,33.95,34.45,33.55,33.95,34.0
2013-09-20,35.2,35.8,33.65,34.4,34.2
2013-09-19,34.9,35.55,34.75,35.1,35.15
2013-09-18,34.75,34.9,33.5,34.2,33.95
2013-09-17,34.85,35.1,33.9,34.6,34.8
2013-09-16,36.85,36.85,34.0,34.75,34.7
2013-09-13,35.0,36.7,35.0,36.0,36.05
2013-09-12,35.3,36.45,34.5,34.95,34.9
2013-09-11,33.9,35.1,33.85,34.9,34.8
2013-09-10,33.7,34.85,33.2,34.05,33.95
2013-09-06,33.35,34.6,32.9,33.45,33.75
2013-09-05,32.95,34.45,32.85,33.5,33.35
2013-09-04,32.2,33.05,31.6,32.35,32.15
2013-09-03,34.0,34.4,32.35,32.45,32.65
2013-09-02,33.95,34.6,32.8,33.9,34.1
2013-08-30,34.2,34.55,33.0,33.5,33.65
2013-08-29,36.0,36.3,33.8,34.0,34.15
2013-08-28,34.7,36.95,33.7,35.7,36.15
2013-08-27,36.15,36.7,34.25,35.3,34.95
2013-08-26,36.5,38.4,35.75,36.25,37.0
2013-08-23,37.0,37.3,34.8,35.9,36.35
2013-08-22,34.25,37.3,34.25,36.55,36.6
2013-08-21,36.1,37.4,34.1,34.8,34.55
2013-08-20,35.5,36.7,34.5,35.8,36.1
2013-08-19,32.8,36.4,32.05,35.8,36.05
2013-08-16,35.25,35.3,32.6,32.7,33.7
2013-08-14,36.9,36.9,34.75,35.5,35.7
2013-08-13,35.7,36.4,35.3,36.0,35.95
2013-08-12,35.0,37.0,33.85,35.95,36.15
2013-08-08,34.05,35.5,32.55,34.4,34.7
2013-08-07,30.55,34.9,30.55,34.0,34.35
2013-08-06,31.8,32.0,30.2,30.8,31.0
2013-08-05,31.9,33.15,29.3,32.2,32.1
2013-08-02,33.7,34.0,30.7,31.75,31.85
2013-08-01,34.1,36.0,31.7,34.0,34.1
2013-07-31,35.3,35.85,32.8,34.9,35.05
2013-07-30,39.85,40.65,36.1,36.6,36.8
2013-07-29,39.55,40.9,39.1,39.5,39.85
2013-07-26,41.8,41.8,39.5,40.0,40.15
2013-07-25,38.9,42.75,37.4,41.3,41.0
2013-07-24,39.75,39.75,38.75,39.1,39.0
2013-07-23,39.7,40.4,39.5,39.75,39.75
2013-07-22,39.5,40.35,39.2,39.65,39.75
2013-07-19,40.05,40.5,39.35,39.65,39.55
2013-07-18,39.4,40.5,39.05,39.95,40.35
2013-07-17,39.8,40.35,38.6,38.9,39.1
2013-07-16,38.9,40.75,38.3,39.95,39.8
2013-07-15,39.0,40.45,38.4,39.8,39.6
2013-07-12,39.8,40.25,39.0,39.2,39.25
2013-07-11,40.35,41.25,39.6,39.95,39.95
2013-07-10,40.75,40.75,39.2,39.7,39.8
2013-07-09,40.5,41.1,39.4,40.3,40.5
2013-07-08,40.1,40.55,38.6,39.95,39.85
2013-07-05,41.15,41.65,39.7,39.95,40.25
2013-07-04,41.8,42.2,39.65,40.6,40.6
2013-07-03,43.0,43.25,40.5,41.4,41.4
2013-07-02,42.5,44.85,41.7,43.55,43.85
2013-07-01,41.45,43.2,41.3,42.55,42.6
2013-06-28,40.15,41.85,39.45,41.25,41.45
2013-06-27,40.5,40.6,39.0,40.0,40.15
2013-06-26,40.9,40.9,39.2,39.5,39.55
2013-06-25,39.5,41.3,39.0,40.1,39.95
2013-06-24,41.0,41.0,38.75,39.25,39.5
2013-06-21,41.5,43.35,39.8,41.0,41.15
2013-06-20,43.75,43.75,41.0,41.4,41.5
2013-06-19,44.3,45.15,43.55,44.1,44.45
2013-06-18,44.0,45.5,42.2,44.4,44.5
2013-06-17,48.75,48.75,40.75,43.75,44.15
2013-06-14,48.2,49.7,47.2,47.5,47.85
2013-06-13,49.6,50.45,47.2,47.2,47.8
2013-06-12,51.5,52.8,49.25,50.35,50.75
2013-06-11,51.95,52.8,47.2,51.85,51.8
2013-06-10,54.15,55.35,52.6,53.4,53.0
2013-06-07,57.65,57.95,53.1,54.0,53.75
2013-06-06,58.0,58.65,57.05,57.45,57.75
2013-06-05,56.0,59.35,55.1,58.55,58.65
2013-06-04,58.25,59.15,55.25,56.6,56.15
2013-06-03,56.15,59.8,54.25,58.7,57.95
2013-05-31,59.0,60.05,56.3,57.05,56.75
2013-05-30,54.05,59.7,53.05,59.0,58.55
2013-05-29,57.3,57.3,54.05,54.3,54.5
2013-05-28,58.15,58.75,57.05,57.35,57.3
2013-05-27,57.45,58.3,56.55,57.8,57.85
2013-05-24,55.5,57.5,55.0,57.2,57.0
2013-05-23,55.5,56.8,53.9,55.1,54.85
2013-05-22,60.5,61.0,55.85,56.4,56.35
2013-05-21,54.6,62.45,54.6,60.4,60.7
2013-05-20,51.45,55.45,50.9,55.0,54.1
2013-05-17,49.0,51.55,48.35,51.5,50.5
2013-05-16,48.0,49.65,47.9,48.8,48.85
2013-05-15,47.2,48.8,47.2,48.5,48.5
2013-05-14,46.9,47.75,46.5,47.1,47.2
2013-05-13,48.35,48.65,46.5,46.9,46.9
2013-05-11,48.85,48.85,48.3,48.5,48.45
2013-05-10,49.0,49.4,48.0,48.65,48.65
2013-05-09,48.45,49.5,47.8,48.6,48.6
2013-05-08,48.8,48.9,48.0,48.55,48.45
2013-05-07,48.8,49.1,48.05,48.3,48.4
2013-05-06,48.6,50.0,47.25,48.4,48.4
2013-05-03,49.0,49.85,48.1,48.85,48.8
2013-05-02,49.3,50.3,48.1,49.4,49.35
2013-04-30,50.0,50.5,47.75,48.75,48.85
2013-04-29,48.05,50.25,48.05,49.6,49.7
2013-04-26,49.8,50.6,48.6,48.75,48.95
2013-04-25,48.25,50.75,48.0,49.8,49.6
2013-04-23,48.5,50.0,47.55,48.2,48.45
2013-04-22,47.65,48.8,46.25,48.4,48.4
2013-04-18,47.0,48.2,46.45,47.45,47.65
2013-04-17,47.4,49.2,47.0,47.35,47.3
2013-04-16,46.8,48.2,46.8,47.4,47.65
2013-04-15,46.1,47.75,46.1,46.5,46.7
2013-04-12,45.45,47.25,44.75,47.2,46.95
2013-04-11,47.15,47.3,45.0,46.2,45.95
2013-04-10,47.25,47.5,45.1,46.5,46.75
2013-04-09,47.2,49.25,46.55,46.8,46.85
2013-04-08,45.1,47.1,45.0,46.8,46.55
2013-04-05,46.25,46.25,44.6,44.95,45.0
2013-04-04,47.6,48.35,46.3,46.7,46.8
2013-04-03,44.65,50.2,44.5,47.55,47.6
2013-04-02,42.3,43.85,42.3,43.75,43.7
2013-04-01,41.7,42.7,40.55,42.2,42.2
2013-03-28,39.25,40.85,38.25,40.35,40.65
2013-03-26,39.55,39.8,38.8,39.3,39.25
2013-03-25,40.0,41.0,39.25,39.7,39.7
2013-03-22,41.0,41.05,38.85,39.45,39.45
2013-03-21,44.5,45.4,40.8,41.05,41.2
2013-03-20,45.55,46.4,43.5,44.2,44.0
2013-03-19,46.8,47.6,45.35,45.95,45.65
2013-03-18,47.5,47.5,46.05,46.5,46.25
2013-03-15,49.9,50.5,47.0,47.4,47.55
2013-03-14,48.85,50.1,47.45,49.6,49.75
2013-03-13,50.4,50.4,48.35,48.45,48.85
2013-03-12,50.25,51.4,49.3,50.3,50.4
2013-03-11,51.0,51.25,49.3,50.4,50.25
2013-03-08,49.0,51.2,49.0,51.0,50.85
2013-03-07,47.5,48.9,46.75,48.25,48.4
2013-03-06,46.95,48.5,46.75,48.2,47.7
2013-03-05,45.0,46.9,44.35,46.9,46.25
2013-03-04,45.2,45.25,43.45,43.8,44.0
2013-03-01,44.75,46.1,44.0,45.15,45.15
2013-02-28,47.8,49.7,43.25,44.4,44.45
2013-02-27,46.6,47.75,45.25,47.25,47.15
2013-02-26,47.6,47.6,46.0,46.6,46.45
2013-02-25,50.0,50.55,47.2,47.55,47.55
2013-02-22,50.0,50.9,49.55,50.35,49.9
2013-02-21,51.0,51.0,49.65,50.0,50.05
2013-02-20,51.7,52.7,50.3,51.2,51.15
2013-02-19,51.1,52.05,50.0,51.8,51.55
2013-02-18,52.95,53.0,50.8,51.45,51.15
2013-02-15,52.2,52.4,51.25,52.2,51.95
2013-02-14,54.4,54.55,51.8,52.6,52.6
2013-02-13,55.5,56.5,54.0,54.15,54.4
2013-02-12,56.85,57.45,53.75,55.4,55.15
2013-02-11,57.2,57.35,55.95,56.55,56.8
2013-02-08,57.75,57.85,55.7,57.0,56.95
2013-02-07,56.85,58.75,56.5,57.4,57.55
2013-02-06,57.35,59.3,56.6,56.8,57.0
2013-02-05,56.75,57.1,54.7,57.1,56.8
2013-02-04,60.6,60.9,56.0,56.1,56.4
2013-02-01,60.95,61.3,59.7,60.4,60.4
2013-01-31,59.35,61.5,59.3,61.25,61.0
2013-01-30,60.15,60.8,58.9,59.55,59.25
2013-01-29,60.5,61.95,59.05,59.8,60.05
2013-01-28,64.55,64.55,60.25,60.85,60.9
2013-01-25,62.1,64.15,61.8,63.95,63.9
2013-01-24,65.2,65.4,61.1,61.75,62.0
2013-01-23,65.75,66.25,63.1,64.85,64.85
2013-01-22,68.05,68.4,65.3,65.6,65.55
2013-01-21,64.5,68.3,64.4,68.25,67.8
2013-01-18,65.6,65.8,64.3,64.4,64.5
2013-01-17,65.5,66.15,64.0,65.3,65.35
2013-01-16,65.85,65.95,64.15,65.3,65.4
2013-01-15,64.35,65.9,63.65,65.55,65.7
2013-01-14,61.8,64.35,60.9,64.25,64.1
2013-01-11,62.85,63.0,61.3,61.65,61.8
2013-01-10,64.1,64.55,62.6,62.7,62.85
2013-01-09,64.2,65.2,63.6,63.85,63.95
2013-01-08,65.0,65.8,63.4,64.2,64.2
2013-01-07,63.25,65.4,63.05,64.9,65.1
2013-01-04,62.85,63.45,62.2,62.55,62.65
2013-01-03,63.95,64.0,62.95,63.35,63.4
2013-01-02,64.0,65.3,63.1,63.5,63.65
2013-01-01,61.55,64.9,61.55,64.5,64.15
2012-12-31,62.1,62.6,61.45,61.5,61.7
2012-12-28,62.85,63.3,61.6,62.0,61.85
2012-12-27,62.05,63.0,61.7,62.55,62.5
2012-12-26,61.95,62.75,61.0,62.15,62.05
2012-12-24,61.1,61.95,59.75,60.9,61.1
2012-12-21,65.0,66.45,60.85,61.15,61.1
2012-12-20,69.0,69.75,64.7,64.8,65.2
2012-12-19,64.15,68.9,64.1,68.9,68.6
2012-12-18,64.3,65.45,63.35,64.1,64.15
2012-12-17,61.4,63.6,61.25,63.45,63.3
2012-12-14,61.5,62.4,60.6,61.5,61.4
2012-12-13,63.45,63.85,60.85,60.95,61.2
2012-12-12,64.0,64.3,61.6,62.9,63.25
2012-12-11,61.2,64.1,60.6,63.8,63.4
2012-12-10,58.45,61.1,58.0,60.75,60.8
2012-12-07,58.0,59.2,57.1,58.45,58.05
2012-12-06,53.9,57.95,52.75,57.85,57.6
2012-12-05,55.3,55.8,53.5,53.9,53.85
2012-12-04,54.55,56.1,53.5,55.1,55.1
2012-12-03,53.85,54.85,53.2,54.8,54.45
2012-11-30,50.8,53.5,50.8,53.5,53.1
2012-11-29,50.4,50.95,49.85,50.85,50.8
2012-11-27,47.35,50.25,47.2,49.95,49.85
2012-11-26,47.1,47.25,46.75,47.05,47.0
2012-11-23,47.35,47.5,46.4,46.8,46.75
2012-11-22,47.1,47.5,46.6,46.8,46.9
2012-11-21,46.95,47.4,46.5,46.85,46.9
2012-11-20,47.6,48.0,46.45,46.6,46.8
2012-11-19,47.7,47.95,46.9,47.6,47.5
2012-11-16,48.5,49.4,46.6,46.9,47.5
2012-11-15,48.1,48.85,47.4,48.6,48.4
2012-11-13,48.0,49.0,47.5,48.3,48.1
2012-11-12,49.15,49.15,47.5,47.9,47.95
2012-11-09,49.55,49.85,48.5,48.55,48.7
2012-11-08,49.4,49.7,48.9,49.3,49.3
2012-11-07,50.0,50.4,49.2,50.0,50.0
2012-11-06,48.5,49.9,48.5,49.9,49.65
2012-11-05,49.25,49.85,48.55,48.7,48.75
2012-11-02,50.0,50.45,49.05,49.5,49.45
2012-11-01,48.05,49.8,47.9,49.55,49.4
2012-10-31,48.15,48.65,47.55,48.0,48.2
2012-10-30,47.95,48.3,46.3,47.8,48.0
2012-10-29,47.75,48.5,47.0,47.9,47.85
2012-10-26,47.45,48.15,47.0,47.55,47.4
2012-10-25,48.15,48.85,47.3,48.0,47.75
2012-10-23,48.3,49.2,47.55,47.7,47.9
2012-10-22,47.55,48.6,47.0,48.1,48.2
2012-10-19,51.1,51.1,48.5,48.75,48.95
2012-10-18,49.45,50.6,49.25,50.0,50.15
2012-10-17,49.95,50.4,48.5,49.25,49.2
2012-10-16,51.0,52.35,48.9,49.75,49.55
2012-10-15,50.45,52.1,49.9,51.65,51.55
2012-10-12,50.0,51.3,49.75,50.3,50.45
2012-10-11,48.95,50.8,48.0,50.35,50.45
2012-10-10,51.6,51.7,49.2,49.25,49.45
2012-10-09,53.0,53.5,51.3,51.5,51.6
2012-10-08,53.9,54.5,51.9,52.4,52.3
2012-10-05,55.5,55.8,52.65,53.35,53.45
2012-10-04,52.85,55.5,52.85,55.25,55.2
2012-10-03,51.65,53.3,51.5,52.65,52.7
2012-10-01,53.0,53.45,51.15,51.9,51.85
2012-09-28,53.1,54.0,52.8,53.1,52.95
2012-09-27,50.95,53.4,50.45,53.1,52.8
2012-09-26,51.0,52.5,50.05,50.95,50.95
2012-09-25,51.9,54.05,50.15,51.25,51.15
2012-09-24,47.5,51.7,47.0,50.7,50.75
2012-09-21,45.15,47.4,44.75,47.25,46.85
2012-09-20,46.0,46.1,44.35,44.55,44.65
2012-09-18,45.6,47.3,45.5,46.2,46.1
2012-09-17,43.7,45.8,43.7,45.6,45.45
2012-09-14,41.7,43.5,41.15,43.3,43.15
2012-09-13,42.5,42.75,40.9,41.1,41.1
2012-09-12,42.7,43.5,42.0,42.4,42.2
2012-09-11,42.1,42.95,41.85,42.7,42.7
2012-09-10,40.4,42.65,39.6,42.3,42.4
2012-09-08,41.65,42.0,40.9,41.15,41.05
2012-09-07,42.1,42.95,41.5,42.0,42.05
2012-09-06,41.8,42.35,41.5,42.35,42.05
2012-09-05,41.15,41.9,40.7,41.55,41.55
2012-09-04,40.3,41.7,39.95,41.45,41.45
2012-09-03,40.05,40.5,39.1,40.4,40.25
2012-08-31,37.9,40.2,37.7,39.95,39.8
2012-08-30,37.7,38.0,36.8,37.9,37.7
2012-08-29,38.6,38.75,37.65,37.65,37.7
2012-08-28,39.0,39.0,38.15,38.55,38.4
2012-08-27,40.5,40.55,38.55,38.65,38.9
2012-08-24,40.85,40.95,39.7,40.3,40.4
2012-08-23,42.0,42.05,40.7,41.1,40.85
2012-08-22,42.0,42.3,41.5,41.9,41.9
2012-08-21,42.2,42.4,41.8,42.0,42.1
2012-08-17,43.0,43.85,41.9,42.0,42.1
2012-08-16,43.4,44.15,42.85,43.45,43.5
2012-08-14,42.5,43.65,42.15,43.0,43.2
2012-08-13,41.85,42.6,41.35,42.55,42.3
2012-08-10,41.75,42.25,41.35,41.8,41.55
2012-08-09,42.7,43.0,41.6,41.95,41.8
2012-08-08,43.4,43.65,42.1,42.7,42.7
2012-08-07,43.1,43.6,42.9,43.2,43.15
2012-08-06,43.6,43.6,42.75,42.75,42.9
2012-08-03,43.1,43.45,42.55,42.75,42.85
2012-08-02,43.45,43.8,42.7,43.2,43.25
2012-08-01,43.9,44.45,42.0,43.2,43.3
2012-07-31,43.9,44.4,42.15,43.55,43.7
2012-07-30,42.4,43.3,41.65,43.0,43.0
2012-07-27,42.9,43.6,40.7,41.75,41.75
2012-07-26,44.95,45.0,41.7,41.9,42.3
2012-07-25,45.1,45.25,43.55,44.5,44.5
2012-07-24,45.5,45.6,44.8,45.1,45.1
2012-07-23,44.95,45.5,44.6,45.2,45.05
2012-07-20,45.55,46.2,45.25,45.6,45.45
2012-07-19,46.35,46.85,45.55,45.65,45.7
2012-07-18,46.95,46.95,45.1,45.95,45.9
2012-07-17,48.5,49.35,45.8,46.0,46.4
2012-07-16,50.3,51.2,48.5,48.6,48.75
2012-07-13,51.3,51.8,49.9,50.2,50.25
2012-07-12,51.0,51.65,49.95,51.1,51.25
2012-07-11,50.3,51.9,49.9,51.3,51.35
2012-07-10,49.25,50.5,49.2,50.4,50.3
2012-07-09,51.4,51.5,48.8,49.0,49.05
2012-07-06,52.55,53.1,51.3,51.55,51.45
2012-07-05,52.5,53.35,52.05,52.85,52.8
2012-07-04,52.2,52.85,51.4,52.4,52.55
2012-07-03,51.6,52.65,51.5,52.0,51.9
2012-07-02,50.3,51.95,49.1,51.15,51.15
2012-06-29,47.95,50.7,47.95,49.9,49.95
2012-06-28,47.3,48.8,47.15,47.3,47.5
2012-06-27,47.0,48.1,46.6,47.8,47.7
2012-06-26,46.9,47.1,46.3,46.45,46.55
2012-06-25,52.0,52.0,46.5,46.7,46.75
2012-06-22,46.0,48.2,45.8,47.3,47.2
2012-06-21,46.25,46.55,45.8,46.55,46.45
2012-06-20,46.0,46.65,45.65,46.3,46.35
2012-06-19,46.1,46.5,45.2,46.0,45.75
2012-06-18,48.0,48.95,45.7,46.0,46.05
2012-06-15,47.15,48.45,47.1,48.15,48.2
2012-06-14,47.65,48.4,46.85,47.05,47.1
2012-06-13,48.15,48.9,47.3,47.45,47.55
2012-06-12,47.85,48.6,47.45,48.0,48.05
2012-06-11,47.1,49.6,47.05,48.1,48.1
2012-06-08,47.8,47.8,46.25,46.9,47.0
2012-06-07,48.1,48.45,47.25,47.85,47.85
2012-06-06,46.35,48.1,46.0,47.3,47.4
2012-06-05,50.0,50.0,45.4,45.6,45.55
2012-06-04,45.1,46.15,44.1,45.75,45.75
2012-06-01,46.9,46.95,45.3,45.5,45.65
2012-05-31,49.45,49.45,47.0,47.65,47.3
2012-05-30,50.95,50.95,49.0,49.3,49.15
2012-05-29,52.0,52.0,50.5,50.55,50.65
2012-05-28,51.0,51.5,50.3,51.1,51.1
2012-05-25,50.5,51.65,50.2,50.65,50.85
2012-05-24,49.9,50.7,49.5,50.55,50.45
2012-05-23,50.0,50.75,49.4,49.8,49.6
2012-05-22,52.05,52.55,50.1,50.3,50.25
2012-05-21,51.25,52.45,50.6,51.6,51.6
2012-05-18,48.55,51.45,48.55,51.15,51.05
2012-05-17,52.8,53.7,50.2,50.5,50.35
2012-05-16,51.2,52.65,49.65,51.6,51.75
2012-05-15,49.1,51.75,49.1,51.65,51.5
2012-05-14,52.5,52.8,48.8,50.25,50.15
2012-05-11,53.75,54.0,51.65,51.65,52.1
2012-05-10,54.0,55.85,53.6,54.0,53.85
2012-05-09,56.0,56.25,54.25,54.7,54.5
2012-05-08,59.65,59.85,55.55,55.95,56.35
2012-05-07,59.1,59.6,57.3,59.0,58.75
2012-05-04,61.35,62.25,59.6,60.35,60.35
2012-05-03,63.55,63.8,62.0,62.45,62.3
2012-05-02,64.35,65.3,63.0,63.4,63.35
2012-04-30,63.75,65.0,63.5,64.3,64.15
2012-04-28,63.3,63.85,62.55,63.8,63.6
2012-04-27,64.7,64.7,62.2,62.75,62.85
2012-04-26,62.35,66.1,62.35,63.6,63.45
2012-04-25,66.7,67.2,64.6,65.4,65.65
2012-04-24,65.55,67.9,65.5,66.55,66.45
2012-04-23,68.8,70.2,67.05,67.35,67.25
2012-04-20,71.85,72.1,68.6,69.2,69.25
2012-04-19,72.25,72.45,70.5,70.9,71.0
2012-04-18,72.1,73.9,71.15,71.65,71.95
2012-04-17,71.0,72.5,69.7,71.75,71.55
2012-04-16,69.75,70.65,69.55,70.3,70.2
2012-04-13,72.0,72.7,69.15,69.8,69.8
2012-04-12,71.2,72.9,70.8,71.2,71.45
2012-04-11,72.0,73.0,69.8,71.15,70.95
2012-04-10,72.0,73.0,70.0,72.85,72.6
2012-04-09,72.5,72.5,70.7,71.55,71.55
2012-04-04,70.9,73.55,70.9,72.75,72.5
2012-04-03,69.6,70.8,69.0,70.65,70.5
2012-04-02,68.75,70.25,68.35,68.6,68.6
2012-03-30,69.0,69.2,67.3,68.25,68.5
2012-03-29,68.0,68.0,66.55,67.7,67.1
2012-03-28,67.75,69.3,67.25,67.6,67.7
2012-03-27,67.3,69.35,67.2,68.5,68.2
2012-03-26,68.2,68.6,65.85,66.9,66.65
2012-03-23,65.05,68.85,64.45,68.35,68.15
2012-03-22,67.75,67.95,62.0,64.3,64.45
2012-03-21,68.0,68.6,65.3,67.75,67.75
2012-03-20,69.7,70.35,65.8,66.5,66.5
2012-03-19,72.9,73.95,68.65,68.9,69.3
2012-03-16,76.65,78.85,72.25,72.95,72.9
2012-03-15,75.6,76.9,73.1,76.4,75.65
2012-03-14,75.95,78.0,74.8,74.9,75.0
2012-03-13,76.5,77.25,74.5,74.9,74.9
2012-03-12,76.95,77.9,74.8,75.3,75.1
2012-03-09,75.95,76.8,72.9,75.7,75.55
2012-03-07,72.85,74.8,71.15,74.5,74.3
2012-03-06,76.05,77.3,72.2,72.4,72.85
2012-03-05,78.1,78.75,75.1,75.85,75.9
2012-03-03,76.75,78.3,76.5,77.95,77.95
2012-03-02,79.0,79.3,75.5,76.3,76.5
2012-03-01,76.4,78.9,73.6,78.05,78.2
2012-02-29,78.5,79.75,74.65,76.0,75.85
2012-02-28,73.8,78.2,73.55,77.45,77.4
2012-02-27,82.0,82.0,72.1,72.5,72.9
2012-02-24,85.0,86.2,80.3,81.4,81.4
2012-02-23,83.0,86.9,80.1,84.2,83.35
2012-02-22,92.9,96.75,82.1,83.3,83.1
2012-02-21,85.95,93.7,85.3,92.5,92.25
2012-02-17,85.0,90.6,82.0,85.2,85.0
2012-02-16,81.85,86.1,79.25,80.6,81.35
2012-02-15,69.9,81.85,69.55,81.3,78.85
2012-02-14,70.7,71.0,69.1,69.35,69.3
2012-02-13,72.1,72.5,69.0,69.35,69.45
2012-02-10,70.85,73.2,70.15,71.8,72.0
2012-02-09,72.55,73.0,70.1,70.55,70.55
2012-02-08,73.95,76.0,72.3,73.0,72.95
2012-02-07,80.0,81.9,73.55,74.2,74.25
2012-02-06,82.5,84.25,78.5,82.0,82.05
2012-02-03,82.8,83.2,80.05,80.5,80.45
2012-02-02,83.9,84.65,82.1,82.55,82.5
2012-02-01,80.75,84.0,80.15,82.9,82.85
2012-01-31,79.85,81.3,78.0,79.85,80.05
2012-01-30,82.5,83.5,78.0,78.1,78.85
2012-01-27,87.9,89.1,83.65,83.85,83.95
2012-01-25,90.0,91.9,87.05,88.1,88.3
2012-01-24,88.7,89.8,87.35,89.1,89.3
2012-01-23,89.9,90.0,86.9,88.1,88.4
2012-01-20,86.8,89.25,86.15,87.95,87.6
2012-01-19,83.4,89.3,82.45,88.0,87.95
2012-01-18,84.35,86.25,82.0,82.4,82.5
2012-01-17,80.0,86.95,80.0,83.3,83.45
2012-01-16,80.6,82.35,76.8,79.65,80.25
2012-01-13,81.95,84.5,80.1,80.5,80.6
2012-01-12,76.8,83.1,75.55,81.25,81.1
2012-01-11,69.4,81.65,68.75,77.1,77.25
2012-01-10,65.55,69.7,65.5,69.2,69.2
2012-01-09,65.8,66.25,64.05,65.3,65.25
2012-01-07,65.0,65.6,64.1,64.3,64.55
2012-01-06,64.25,65.3,63.5,64.5,64.45
2012-01-05,63.2,65.5,63.1,64.0,64.45
2012-01-04,67.65,69.3,65.0,65.5,65.4
2012-01-03,63.5,67.0,62.8,67.0,66.55
2012-01-02,62.8,63.85,61.3,63.0,62.65
2011-12-30,63.5,64.25,62.0,63.1,62.45
2011-12-29,61.8,64.0,59.25,63.6,63.5
2011-12-28,66.5,66.5,61.5,62.0,62.1
2011-12-27,68.55,68.6,66.7,66.8,67.1
2011-12-26,68.45,69.0,67.25,68.1,68.1
2011-12-23,68.9,68.9,67.35,68.25,67.95
2011-12-22,68.0,68.2,66.1,67.6,67.7
2011-12-21,69.0,69.9,66.25,68.25,68.05
2011-12-20,70.7,71.1,66.9,68.25,67.85
2011-12-19,71.5,72.0,70.05,71.3,70.9
2011-12-16,75.0,75.7,71.5,71.95,71.8
2011-12-15,73.35,74.9,71.6,74.35,74.3
2011-12-14,72.05,74.75,69.1,73.85,73.4
2011-12-13,71.7,72.8,70.2,72.0,72.15
2011-12-12,74.5,75.7,71.7,71.7,73.0
2011-12-09,75.5,75.6,74.1,74.4,74.5
2011-12-08,77.25,77.25,74.5,74.85,75.8
2011-12-07,77.8,79.0,77.0,77.0,77.1
2011-12-05,73.1,76.65,72.85,76.5,76.35
2011-12-02,72.3,73.75,71.25,73.5,73.4
2011-12-01,73.0,74.75,70.3,72.0,71.7
2011-11-30,71.5,73.0,69.85,71.4,71.2
2011-11-29,73.55,74.4,71.65,72.0,72.0
2011-11-28,74.6,74.6,72.05,72.7,72.75
2011-11-25,72.5,73.95,70.75,71.3,71.55
2011-11-24,72.25,74.95,71.0,74.55,73.4
2011-11-23,74.6,74.75,71.4,71.5,71.75
2011-11-22,75.1,77.3,74.05,74.6,74.6
2011-11-21,73.5,76.9,72.65,75.7,75.65
2011-11-18,75.2,75.25,70.25,75.0,74.45
2011-11-17,76.5,78.25,75.0,77.0,75.7
2011-11-16,78.3,78.9,75.0,77.25,76.45
2011-11-15,80.9,81.85,77.5,77.9,78.25
2011-11-14,84.6,84.6,81.25,81.4,81.85
2011-11-11,84.5,85.35,80.55,82.4,82.4
2011-11-09,85.9,88.25,84.1,84.75,84.6
2011-11-08,86.0,87.0,85.45,86.3,85.8
2011-11-04,86.15,87.35,85.5,85.6,85.95
2011-11-03,86.85,87.8,84.6,85.65,85.7
2011-11-02,85.9,87.95,84.8,86.9,86.95
2011-11-01,88.0,90.0,86.25,86.35,86.75
2011-10-31,87.9,89.6,87.5,88.0,88.15
2011-10-28,85.8,88.75,85.65,87.35,87.55
2011-10-26,85.0,85.9,84.0,84.8,84.65
2011-10-25,83.35,85.55,81.6,84.15,84.2
2011-10-24,85.0,86.0,82.8,83.0,83.15
2011-10-21,85.8,86.95,83.3,84.05,83.8
2011-10-20,84.4,86.2,83.05,85.35,85.75
2011-10-19,83.7,86.0,82.75,84.9,85.1
2011-10-18,81.6,84.0,81.05,82.55,82.5
2011-10-17,83.9,84.5,82.0,82.4,82.35
2011-10-14,84.7,84.7,81.5,83.1,83.4
2011-10-13,79.45,84.25,79.45,83.95,83.95
2011-10-12,79.25,79.8,78.3,79.4,79.15
2011-10-11,79.85,79.95,78.0,78.0,78.35
2011-10-10,78.55,79.35,76.0,79.35,78.6
2011-10-07,82.5,83.4,75.55,78.2,78.05
2011-10-05,81.6,83.4,80.0,81.1,80.3
2011-10-04,84.0,85.2,80.8,81.15,81.5
2011-10-03,85.0,85.0,83.3,83.95,84.0
2011-09-30,87.45,87.45,84.4,84.8,85.4
2011-09-29,83.5,89.4,82.05,88.0,87.95
2011-09-28,87.05,87.15,83.0,83.15,83.45
2011-09-27,85.6,87.0,85.6,86.7,86.6
2011-09-26,84.95,86.4,83.75,84.1,84.85
2011-09-23,83.0,85.85,81.5,84.95,84.55
2011-09-22,85.6,87.75,80.1,84.0,83.8
2011-09-21,88.0,89.4,87.7,88.65,88.85
2011-09-20,86.0,88.25,86.0,88.15,87.8
2011-09-19,86.25,87.85,85.25,86.0,86.0
2011-09-16,86.5,87.5,85.3,86.4,86.6
2011-09-15,84.3,86.3,83.7,85.8,85.7
2011-09-14,84.75,84.75,82.05,84.5,84.05
2011-09-13,84.0,85.75,83.4,83.8,84.15
2011-09-12,87.0,87.0,82.6,83.55,83.8
2011-09-09,92.0,92.5,88.25,88.45,88.45
2011-09-08,93.5,93.6,90.4,91.4,91.85
2011-09-07,88.95,94.8,88.45,94.3,94.05
2011-09-06,89.1,89.9,87.0,88.0,88.1
2011-09-05,88.0,91.65,86.5,89.3,89.25
2011-09-02,92.05,92.85,88.15,89.4,88.9
2011-08-30,90.9,93.35,89.5,91.5,91.55
2011-08-29,85.0,91.5,85.0,90.8,89.5
2011-08-26,90.3,90.3,85.0,86.6,85.9
2011-08-25,88.0,93.7,85.3,90.0,90.85
2011-08-24,89.9,91.1,88.2,89.0,89.2
2011-08-23,85.55,91.8,83.85,89.25,89.55
2011-08-22,84.4,86.5,83.35,85.2,84.6
2011-08-19,85.5,85.5,82.55,85.05,84.55
2011-08-18,90.1,90.75,83.6,87.25,85.95
2011-08-17,89.0,91.4,86.1,90.0,90.0
2011-08-16,93.1,94.15,87.0,88.5,89.05
2011-08-12,94.0,95.35,93.5,93.8,94.15
2011-08-11,92.95,94.5,91.0,94.0,93.8
2011-08-10,92.0,95.0,92.0,94.2,94.05
2011-08-09,88.1,92.45,86.5,92.0,91.75
2011-08-08,90.35,92.8,85.4,91.4,91.4
2011-08-05,91.0,92.0,89.0,90.15,90.35
2011-08-04,103.0,103.5,92.1,93.5,93.75
2011-08-03,100.0,102.55,99.55,101.2,101.0
2011-08-02,104.25,105.9,101.2,102.55,102.9
2011-08-01,104.0,106.1,99.8,103.9,103.25
2011-07-29,112.05,113.45,93.65,100.6,99.15
2011-07-28,113.05,113.5,111.6,112.85,112.4
2011-07-27,114.45,114.5,112.7,113.0,113.05
2011-07-26,113.5,115.2,112.15,114.0,114.1
2011-07-25,113.0,115.8,111.95,113.6,113.9
2011-07-22,113.1,114.3,112.25,113.0,112.85
2011-07-21,112.25,113.5,111.2,113.1,112.8
2011-07-20,112.5,114.35,111.5,111.55,111.75
2011-07-19,113.7,114.9,112.9,113.0,113.4
2011-07-18,114.75,115.2,112.9,113.5,113.25
2011-07-15,112.5,114.8,111.05,113.35,113.65
2011-07-14,109.95,112.25,109.45,111.5,111.85
2011-07-13,108.0,110.8,107.55,110.0,110.1
2011-07-12,107.15,109.5,107.0,109.1,109.0
2011-07-11,109.0,109.45,107.5,108.25,107.85
2011-07-08,110.75,111.2,108.9,109.1,109.1
2011-07-07,110.8,111.3,110.05,110.45,110.55
2011-07-06,110.1,111.25,109.65,109.9,109.95
2011-07-05,110.2,111.95,109.8,109.85,110.25
2011-07-04,110.25,111.25,109.7,109.9,109.9
2011-07-01,110.05,110.3,109.3,109.7,109.75
2011-06-30,110.3,110.3,109.5,110.0,109.95
2011-06-29,110.9,111.3,109.75,110.0,110.1
2011-06-28,110.0,111.9,109.15,110.0,109.95
2011-06-27,111.75,113.0,109.8,110.3,110.3
2011-06-24,111.0,112.0,109.8,111.0,110.95
2011-06-23,106.6,110.4,105.85,109.85,110.0
2011-06-22,108.8,108.9,106.8,107.4,107.25
2011-06-21,108.5,109.2,107.2,108.25,107.55
2011-06-20,110.5,110.75,106.0,107.5,107.7
2011-06-17,110.8,112.7,109.35,109.9,109.95
2011-06-16,110.0,113.35,110.0,112.0,111.25
2011-06-15,111.95,113.0,111.1,111.55,111.5
2011-06-14,110.0,113.15,109.5,113.15,112.8
2011-06-13,110.75,111.7,107.6,111.65,111.2
2011-06-10,112.1,113.5,111.0,111.5,111.4
2011-06-09,112.25,113.95,112.25,113.0,112.55
2011-06-08,114.05,115.45,112.2,113.0,112.85
2011-06-07,114.2,116.05,113.7,115.6,115.85
2011-06-06,113.9,114.7,110.7,112.75,112.75
2011-06-03,113.4,119.0,113.4,113.5,113.65
2011-06-02,114.6,116.05,114.1,115.4,115.0
2011-06-01,116.2,116.2,115.15,115.4,115.55
2011-05-31,114.5,116.05,114.2,116.0,115.6
2011-05-30,114.0,115.0,112.2,114.8,114.15
2011-05-27,112.65,114.85,111.3,114.5,114.15
2011-05-26,110.5,112.45,110.5,111.75,111.75
2011-05-25,112.0,113.5,110.1,111.2,111.05
2011-05-24,114.4,114.4,110.25,112.55,112.45
2011-05-23,112.95,115.0,112.05,112.4,112.2
2011-05-20,112.35,113.3,110.9,112.75,112.75
2011-05-19,114.0,114.7,111.0,112.6,112.05
2011-05-18,114.45,114.45,112.6,113.9,113.35
2011-05-17,115.0,115.3,111.3,113.55,113.05
2011-05-16,114.0,115.1,113.6,114.6,114.65
2011-05-13,113.2,115.25,113.2,114.8,114.5
2011-05-12,113.5,115.5,113.0,114.0,113.9
2011-05-11,113.0,114.6,112.35,114.6,114.35
2011-05-10,112.0,113.2,111.0,111.8,112.2
2011-05-09,109.95,111.5,106.15,110.1,110.2
2011-05-06,108.95,108.95,107.35,108.05,107.85
2011-05-05,108.8,110.4,107.0,107.9,107.7
2011-05-04,109.9,110.35,107.5,108.9,108.75
2011-05-03,109.95,110.95,108.1,110.0,109.6
2011-05-02,113.1,113.45,108.05,109.75,109.8
2011-04-29,114.7,114.7,112.25,113.25,112.65
2011-04-28,115.0,115.0,112.55,113.35,113.1
2011-04-27,115.0,115.0,112.7,112.9,113.1
2011-04-26,115.3,115.3,113.15,113.9,113.9
2011-04-25,116.0,116.0,114.25,115.5,114.95
2011-04-21,117.85,117.85,115.2,115.5,115.75
2011-04-20,115.3,117.0,115.3,116.85,116.65
2011-04-19,116.0,116.0,113.7,115.3,115.25
2011-04-18,117.0,117.4,114.45,115.05,114.7
2011-04-15,118.9,118.9,116.0,116.0,116.3
2011-04-13,116.75,118.3,115.3,118.0,118.0
2011-04-11,117.7,118.0,116.45,117.7,117.45
2011-04-08,120.55,120.75,118.05,119.3,118.95
2011-04-07,118.05,120.9,118.05,120.0,120.05
2011-04-06,118.0,121.9,117.3,118.6,118.75
2011-04-05,119.1,119.75,116.7,118.35,118.65
2011-04-04,116.6,119.0,116.0,118.7,118.45
2011-04-01,112.5,117.0,112.5,115.9,115.65
2011-03-31,113.0,114.0,111.75,113.0,112.75
2011-03-30,111.5,112.2,111.5,112.2,111.95
2011-03-29,113.7,113.7,111.15,112.0,111.95
2011-03-28,113.0,113.85,111.65,112.25,112.15
2011-03-25,113.0,113.9,112.2,113.5,112.95
2011-03-24,113.4,113.4,111.15,113.15,112.75
2011-03-23,110.95,112.4,110.6,112.0,112.05
2011-03-22,111.0,111.2,110.0,111.0,110.95
2011-03-21,111.6,111.8,110.1,110.5,110.5
2011-03-18,112.95,113.65,110.1,111.0,111.0
2011-03-17,113.0,113.3,111.1,113.0,113.0
2011-03-16,113.0,113.9,111.7,113.3,113.0
2011-03-15,110.3,112.0,109.0,112.0,111.65
2011-03-14,111.6,113.25,110.5,112.9,112.9
2011-03-11,113.0,114.0,109.3,111.9,111.7
2011-03-10,112.0,113.7,110.75,113.5,113.15
2011-03-09,111.0,112.4,108.6,111.95,111.85
2011-03-08,110.5,112.0,109.4,111.3,111.45
2011-03-07,109.0,110.5,108.0,109.8,109.05
2011-03-04,113.0,113.5,109.2,110.9,110.35
2011-03-03,115.0,116.5,111.5,112.9,112.8
2011-03-01,119.0,119.15,116.0,116.85,116.65
2011-02-28,119.1,121.0,117.0,119.25,119.15
2011-02-25,118.05,120.8,116.75,118.8,118.45
2011-02-24,120.5,122.9,115.8,120.0,118.5
2011-02-23,123.0,123.4,120.45,122.75,122.65
2011-02-22,123.0,123.95,122.25,122.9,122.9
2011-02-21,124.5,124.5,122.6,123.0,123.0
2011-02-18,123.05,123.8,122.75,123.0,123.05
2011-02-17,123.0,123.8,122.75,122.95,123.0
2011-02-16,122.0,124.45,122.0,123.0,123.0
2011-02-15,120.55,122.85,120.5,122.8,122.1
2011-02-14,119.9,122.7,117.05,120.8,120.6
2011-02-11,117.0,117.5,116.5,117.0,117.0
2011-02-10,115.5,118.0,114.0,117.0,117.0
2011-02-09,122.0,123.8,114.25,115.5,115.45
2011-02-08,125.0,125.8,118.8,122.5,122.6
2011-02-07,123.95,124.75,122.8,124.25,124.2
2011-02-04,126.7,127.8,121.6,123.7,123.25
2011-02-03,125.0,127.9,123.35,126.4,125.3
2011-02-02,124.5,125.45,123.15,124.85,124.85
2011-02-01,124.0,125.5,123.5,124.25,124.5
2011-01-31,122.3,125.2,120.9,123.5,123.7
2011-01-28,126.25,126.55,121.55,125.0,123.35
2011-01-27,126.5,129.8,125.25,126.0,126.0
2011-01-25,125.9,127.8,125.1,127.0,126.35
2011-01-24,124.0,126.15,123.35,125.9,125.85
2011-01-21,122.55,124.35,122.5,123.7,123.75
2011-01-20,123.9,124.9,121.7,124.5,124.3
2011-01-19,125.0,125.0,123.25,124.4,123.85
2011-01-18,121.9,124.9,121.9,124.75,124.55
2011-01-17,120.6,123.4,120.0,123.0,122.5
2011-01-14,124.0,124.85,120.6,122.75,122.35
2011-01-13,122.75,124.3,121.5,124.15,123.7
2011-01-12,123.0,124.3,118.1,123.45,122.6
2011-01-11,125.15,125.4,121.85,122.9,122.85
2011-01-10,127.5,127.7,124.2,124.55,124.35
2011-01-07,130.35,130.35,126.25,126.95,126.6
2011-01-06,130.45,130.7,128.3,130.0,129.85
2011-01-05,130.55,131.5,128.9,129.5,129.95
2011-01-04,130.55,131.4,129.25,130.2,130.15
2011-01-03,130.6,131.85,129.7,129.9,129.95
2010-12-31,131.2,132.7,129.9,130.4,130.35
2010-12-30,129.7,133.4,129.15,132.45,130.75
2010-12-29,128.7,130.5,128.3,129.9,130.0
2010-12-28,128.4,130.9,126.5,128.5,128.4
2010-12-27,128.7,128.7,126.7,127.25,127.4
2010-12-24,126.65,128.9,124.3,128.15,127.65
2010-12-23,125.6,127.7,125.1,126.4,126.4
2010-12-22,125.0,126.0,124.15,125.0,124.95
2010-12-21,124.9,126.5,122.2,125.25,124.55
2010-12-20,125.25,126.0,124.1,125.4,125.0
2010-12-16,125.1,126.3,124.25,125.4,125.05
2010-12-15,126.3,126.95,124.5,125.0,125.0
2010-12-14,126.0,126.75,124.05,125.0,124.95
2010-12-13,125.5,126.85,123.55,125.85,125.05
2010-12-10,124.75,127.0,123.1,125.2,124.85
2010-12-09,130.05,130.7,122.75,125.35,124.75
2010-12-08,131.6,131.6,128.0,129.45,129.0
2010-12-07,132.7,134.0,130.1,131.5,131.05
2010-12-06,132.9,134.35,131.5,132.1,131.9
2010-12-03,137.45,137.45,129.1,132.0,132.25
2010-12-02,139.0,139.15,134.2,135.25,135.35
2010-12-01,137.0,139.3,136.0,136.55,137.3
2010-11-30,132.95,136.5,130.65,136.5,135.9
2010-11-29,131.5,133.35,127.45,130.5,131.55
2010-11-26,130.0,138.7,120.05,130.5,130.3
2010-11-25,139.8,139.9,134.5,138.2,138.75
2010-11-24,139.9,141.5,137.55,139.0,138.6
2010-11-23,141.0,141.3,137.25,139.0,138.95
2010-11-22,138.1,143.0,136.4,142.1,141.35
2010-11-19,139.25,139.45,137.0,137.5,137.4
2010-11-18,138.2,141.4,136.3,139.0,138.55
2010-11-16,139.4,141.9,135.05,137.75,136.85
2010-11-15,138.25,142.4,135.3,140.0,139.45
2010-11-12,137.0,144.85,137.0,137.4,137.95
2010-11-11,140.45,142.55,134.5,138.45,137.45
2010-11-10,142.0,142.5,139.75,140.7,140.35
2010-11-09,142.4,142.8,139.5,141.75,141.2
2010-11-08,141.8,142.1,139.6,142.0,141.85
2010-11-05,141.75,142.8,140.2,141.0,141.8
2010-11-04,141.75,143.35,137.5,141.15,141.45
2010-11-03,134.5,141.4,132.1,140.7,140.2
2010-11-02,132.0,133.8,131.5,132.85,133.0
2010-11-01,130.4,132.4,129.5,131.7,131.25
2010-10-29,131.3,131.3,127.3,129.4,128.95
2010-10-28,132.25,132.25,127.0,128.75,128.25
2010-10-27,133.85,133.85,131.0,131.2,131.45
2010-10-26,134.9,135.35,132.4,133.5,132.75
2010-10-25,135.0,135.9,131.5,134.2,134.4
2010-10-22,134.85,134.95,133.25,134.35,134.25
2010-10-21,134.4,134.9,133.7,134.0,134.1
2010-10-20,132.1,134.95,132.1,133.9,133.9
2010-10-19,132.5,135.4,132.5,133.1,133.4
2010-10-18,133.95,133.95,130.0,133.0,132.8
2010-10-15,135.3,135.3,133.0,133.7,133.6
2010-10-14,136.0,136.2,133.7,134.5,134.5
2010-10-13,136.9,136.9,134.7,135.05,135.0
2010-10-12,138.5,138.5,134.4,135.0,135.05
2010-10-11,137.7,140.9,137.2,137.6,137.6
2010-10-08,138.0,138.8,135.15,136.0,135.95
2010-10-07,139.0,139.0,136.3,137.15,137.1
2010-10-06,139.7,139.85,135.6,137.0,136.9
2010-10-05,133.75,138.7,133.25,136.9,137.35
2010-10-04,136.0,136.8,132.95,133.4,133.7
2010-10-01,135.4,135.4,133.35,134.7,134.4
2010-09-30,134.95,135.0,133.15,134.45,134.0
2010-09-29,135.9,135.9,134.3,135.0,135.05
2010-09-28,137.0,137.0,134.5,134.95,135.0
2010-09-27,136.8,137.9,135.1,136.6,136.0
2010-09-24,136.3,137.45,135.1,135.95,136.0
2010-09-23,139.6,139.6,136.25,136.8,136.95
2010-09-22,138.55,139.4,136.2,138.0,137.6
2010-09-21,140.25,140.9,137.8,138.65,138.55
2010-09-20,139.9,141.9,138.0,139.6,139.25
2010-09-17,140.1,140.4,137.65,138.8,138.4
2010-09-16,140.1,141.0,139.05,139.5,139.85
2010-09-15,142.0,143.0,140.0,141.0,140.85
2010-09-14,145.9,145.9,140.8,141.25,141.3
2010-09-13,140.7,144.4,139.8,143.5,143.35
2010-09-09,140.65,140.95,138.0,139.0,138.95
2010-09-08,138.5,142.4,138.0,140.15,140.45
2010-09-07,136.5,138.4,135.1,137.15,137.45
2010-09-06,134.5,136.8,134.0,136.4,136.5
2010-09-03,133.0,136.4,133.0,134.25,134.0
2010-09-02,138.3,138.3,125.2,133.6,133.25
2010-09-01,137.8,138.6,136.55,138.45,138.2
2010-08-31,136.0,136.7,133.9,136.4,135.95
2010-08-30,137.4,137.6,134.7,135.75,136.05
2010-08-27,137.1,138.55,134.8,135.55,135.5
2010-08-26,138.35,139.25,136.5,137.35,137.05
2010-08-25,140.3,140.7,136.0,137.25,137.15
2010-08-24,141.0,142.05,138.3,138.7,139.3
2010-08-23,140.0,143.7,138.0,139.6,139.95
2010-08-20,139.6,141.35,139.55,139.7,139.85
2010-08-19,139.5,140.65,137.05,140.5,140.1
2010-08-18,137.6,139.9,136.25,139.3,139.15
2010-08-17,138.2,139.2,137.0,137.2,137.45
2010-08-16,140.9,141.1,137.6,137.65,137.9
2010-08-13,141.4,142.0,138.3,140.35,140.0
2010-08-12,140.2,143.15,140.15,141.35,141.4
2010-08-11,141.0,144.6,140.1,140.9,141.1
2010-08-10,136.6,141.8,136.05,140.8,140.75
2010-08-09,135.0,137.0,135.0,136.5,136.6
2010-08-06,135.2,136.4,132.25,134.3,134.8
2010-08-05,136.8,137.5,134.45,135.0,134.9
2010-08-04,135.4,137.65,134.2,135.8,135.9
2010-08-03,135.9,136.55,133.4,134.25,134.3
2010-08-02,128.9,135.45,128.1,134.85,134.7
2010-07-30,127.8,129.45,126.55,127.5,127.3
2010-07-29,127.1,128.5,126.5,127.95,127.5
2010-07-28,129.0,129.9,127.4,127.5,127.7
2010-07-27,128.15,129.35,127.4,128.85,128.95
2010-07-26,128.0,129.7,127.9,127.9,128.15
2010-07-23,129.5,133.9,127.1,127.85,127.75
2010-07-22,126.8,129.35,126.35,127.5,127.3
2010-07-21,126.0,127.1,125.0,126.0,126.3
2010-07-20,125.7,127.5,124.8,126.0,125.25
2010-07-19,126.35,126.4,124.9,125.6,125.6
2010-07-16,126.75,127.2,125.8,126.5,126.35
2010-07-15,126.9,128.0,125.7,126.75,126.75
2010-07-14,124.4,126.95,123.35,126.8,126.55
2010-07-13,125.4,125.4,122.8,123.1,123.15
2010-07-12,128.65,128.65,124.15,124.25,124.9
2010-07-09,125.7,128.75,124.9,126.9,127.75
2010-07-08,125.8,126.5,124.5,124.7,125.4
2010-07-07,125.4,126.6,123.7,123.75,124.05
2010-07-06,126.0,127.5,125.1,125.1,125.5
2010-07-05,125.0,129.75,125.0,127.3,126.4
2010-07-02,126.0,127.3,125.1,125.3,125.25
2010-07-01,126.0,129.4,125.0,125.75,126.15
2010-06-30,122.55,127.95,122.2,126.4,127.0
2010-06-29,124.0,124.8,122.0,124.25,124.0
2010-06-28,121.0,125.0,119.0,124.0,124.4
2010-06-25,120.25,121.9,119.1,120.8,120.25
2010-06-24,122.45,122.95,119.5,119.75,119.95
2010-06-23,122.8,124.8,121.0,122.35,121.5
2010-06-22,123.55,124.8,121.6,122.1,122.15
2010-06-21,124.4,125.5,122.4,125.3,125.1
2010-06-18,122.2,125.0,122.2,122.9,123.05
2010-06-17,122.5,123.7,121.0,123.2,123.0
2010-06-16,121.5,126.3,121.5,122.5,122.95
2010-06-15,124.95,124.95,121.05,121.85,122.0
2010-06-14,122.1,125.0,122.1,124.25,124.45
2010-06-11,117.6,122.0,117.6,121.05,121.15
2010-06-10,114.7,117.45,114.7,117.1,116.9
2010-06-09,114.55,116.5,114.55,115.0,114.9
2010-06-08,117.25,117.5,115.2,115.2,115.55
2010-06-07,115.35,117.95,115.35,116.9,116.9
2010-06-04,119.9,119.95,118.0,118.0,118.4
2010-06-03,120.35,121.0,119.0,119.3,119.6
2010-06-02,119.5,121.15,118.1,118.35,118.95
2010-06-01,120.6,121.7,118.4,119.15,118.95
2010-05-31,119.0,122.0,117.05,122.0,121.6
2010-05-28,117.0,119.9,117.0,119.9,119.35
2010-05-27,117.45,117.45,115.1,116.15,116.1
2010-05-26,116.0,118.0,114.1,117.0,117.45
2010-05-25,117.1,117.1,114.0,114.85,114.4
2010-05-24,117.4,119.2,116.6,116.9,117.0
2010-05-21,117.2,117.2,112.0,115.9,115.9
2010-05-20,117.5,120.1,117.3,117.9,118.05
2010-05-19,120.1,120.4,116.5,116.65,117.2
2010-05-18,120.0,123.5,119.5,120.4,120.5
2010-05-17,125.0,125.0,118.5,120.5,120.55
2010-05-14,120.25,123.05,119.5,121.75,121.55
2010-05-13,120.85,122.0,120.25,121.6,121.35
2010-05-12,121.5,122.5,118.3,119.95,119.85
2010-05-11,119.0,122.9,119.0,121.65,121.2
2010-05-10,119.7,121.15,118.05,119.75,119.7
2010-05-07,120.1,121.5,114.5,117.05,117.05
2010-05-06,124.0,124.9,121.05,122.6,122.7
2010-05-05,119.0,125.5,118.1,125.5,124.85
2010-05-04,126.85,127.9,120.7,121.65,121.3
2010-05-03,125.4,127.85,124.1,126.7,126.0
2010-04-30,124.0,128.9,122.9,126.0,125.2
2010-04-29,119.8,124.0,119.7,123.25,123.6
2010-04-28,119.0,120.0,117.3,119.65,119.05
2010-04-27,120.8,120.8,119.1,119.95,119.95
2010-04-26,119.85,121.15,119.0,120.0,119.85
2010-04-23,119.95,120.85,118.45,118.55,118.9
2010-04-22,120.5,121.8,118.2,118.5,119.35
2010-04-21,117.0,124.4,117.0,120.6,120.55
2010-04-20,115.0,118.3,115.0,117.0,116.5
2010-04-19,117.8,118.2,115.15,115.25,115.5
2010-04-16,118.0,119.9,116.5,117.8,118.05
2010-04-15,119.0,119.9,117.3,118.85,118.9
2010-04-13,117.0,119.5,116.0,118.5,118.65
2010-04-12,117.9,118.0,115.4,117.3,117.05
2010-04-09,116.0,117.65,115.5,117.35,117.15
2010-04-08,117.9,119.9,113.65,115.65,115.7
2010-04-07,117.5,122.2,117.0,118.6,118.75
2010-04-06,116.15,117.5,114.85,117.35,116.95
2010-04-05,115.5,116.55,115.0,116.35,116.15
2010-04-01,116.05,117.0,115.0,115.0,115.35
2010-03-31,116.5,116.8,115.7,116.15,116.0
2010-03-30,115.95,117.5,115.05,115.5,115.4
2010-03-29,117.5,117.9,115.0,115.4,115.4
2010-03-26,115.7,118.0,114.3,116.95,116.6
2010-03-25,114.9,115.55,114.25,114.95,114.95
2010-03-23,113.9,115.25,113.4,115.0,114.9
2010-03-22,112.45,115.0,112.1,113.2,113.8
2010-03-19,113.2,115.5,112.9,114.6,115.05
2010-03-18,113.9,115.0,111.5,114.1,114.5
2010-03-17,114.75,115.7,112.1,112.85,112.7
2010-03-16,109.0,114.9,109.0,114.55,113.05
2010-03-15,109.35,110.1,108.5,110.0,110.0
2010-03-12,108.9,110.25,108.55,109.95,109.95
2010-03-11,107.0,109.75,106.0,109.75,109.4
2010-03-10,102.0,109.0,102.0,108.0,108.1
2010-03-09,109.35,109.5,107.6,109.4,109.15
2010-03-08,110.0,111.5,108.0,108.6,108.2
2010-03-05,108.0,108.8,107.1,107.95,107.9
2010-03-04,104.5,107.7,104.5,107.7,107.3
2010-03-03,106.0,107.2,104.75,106.6,106.55
2010-03-02,105.0,106.95,100.55,106.85,105.7
2010-02-26,106.6,108.9,102.6,103.0,106.05
2010-02-25,106.2,107.2,105.0,106.85,106.6
2010-02-24,105.95,106.0,104.6,105.15,105.15
2010-02-23,105.5,107.1,105.5,106.15,105.95
2010-02-22,104.5,108.5,104.5,106.0,106.0
2010-02-19,106.5,107.95,106.0,106.7,106.7
2010-02-18,107.8,108.3,106.75,107.05,107.0
2010-02-17,108.5,109.8,106.75,108.2,107.85
2010-02-16,107.95,108.85,107.0,108.35,108.2
2010-02-15,107.1,108.3,105.4,107.1,107.6
2010-02-11,107.5,107.5,106.0,107.0,106.85
2010-02-10,108.45,109.0,105.8,106.9,106.75
2010-02-09,106.0,110.0,105.25,108.0,108.1
2010-02-08,104.7,108.85,104.7,106.05,106.05
2010-02-06,104.4,105.35,104.0,104.9,104.8
2010-02-05,102.0,104.75,100.75,104.65,104.0
2010-02-04,105.0,106.4,103.85,104.3,104.85
2010-02-03,102.7,105.3,101.6,105.2,104.45
2010-02-02,103.0,104.8,99.8,102.35,101.8
2010-02-01,101.35,103.5,99.9,102.7,102.3
2010-01-29,99.0,101.9,95.0,101.9,100.0
2010-01-28,100.6,101.8,98.6,99.6,99.4
2010-01-27,101.8,102.65,99.0,100.2,99.65
2010-01-25,99.1,102.9,99.1,101.65,102.2
2010-01-22,99.0,101.9,97.8,101.25,101.05
2010-01-21,100.95,101.75,100.05,101.2,100.8
2010-01-20,101.5,103.5,100.45,100.7,101.1
2010-01-19,101.4,102.0,100.1,100.6,100.7
2010-01-18,101.9,102.0,100.3,101.0,101.1
2010-01-15,101.8,102.5,101.1,101.35,101.55
2010-01-14,102.55,103.6,101.15,101.25,101.4
2010-01-13,102.75,104.0,101.55,102.1,101.9
2010-01-12,106.4,106.85,103.1,103.4,103.45
2010-01-11,104.85,107.75,104.15,106.0,105.8
2010-01-08,105.25,107.0,103.15,103.65,103.7
2010-01-07,107.45,108.2,104.65,104.75,104.95
2010-01-06,106.5,110.8,106.0,107.55,107.45
2010-01-05,99.9,112.9,99.5,105.7,105.05
2010-01-04,99.25,100.0,98.6,99.25,99.0
2009-12-31,99.5,99.7,98.55,98.85,99.0
2009-12-30,98.5,99.3,97.95,98.95,98.8
2009-12-29,99.5,100.0,98.05,98.2,98.2
2009-12-24,98.85,100.0,98.5,99.0,99.0
2009-12-23,97.9,100.4,97.6,99.1,99.0
2009-12-22,98.6,99.7,95.05,97.0,97.0
2009-12-21,97.0,98.8,96.1,97.5,98.05
2009-12-18,96.4,97.7,95.55,96.75,96.9
2009-12-17,96.5,97.95,96.5,97.25,97.2
2009-12-16,96.5,96.8,95.5,96.75,96.4
2009-12-15,96.9,98.6,96.1,96.5,96.65
2009-12-14,96.0,97.0,95.3,96.8,96.6
2009-12-11,95.95,96.8,95.0,96.05,96.0
2009-12-10,94.9,95.9,94.25,95.55,95.55
2009-12-09,93.6,94.85,93.4,94.25,94.1
2009-12-08,93.0,94.35,92.75,93.65,93.65
2009-12-07,97.3,98.0,91.85,92.7,92.35
2009-12-04,98.4,99.0,96.35,96.45,96.6
2009-12-03,98.25,99.45,97.5,98.6,98.6
2009-12-02,96.0,98.15,95.05,97.5,97.65
2009-12-01,94.4,95.3,94.4,94.55,94.85
2009-11-30,95.0,95.5,94.15,94.3,94.4
2009-11-27,93.95,94.4,92.75,94.2,93.85
2009-11-26,94.0,96.5,94.0,94.2,94.45
2009-11-25,96.0,96.9,94.3,94.8,94.65
2009-11-24,94.5,96.85,93.65,95.8,95.65
2009-11-23,92.6,95.9,92.6,95.8,94.9
2009-11-20,92.8,93.85,92.8,93.2,93.1
2009-11-19,94.55,97.6,92.5,93.1,92.95
2009-11-18,92.3,95.05,91.6,94.3,94.5
2009-11-17,92.8,93.75,91.75,92.35,92.2
2009-11-16,93.95,94.3,91.75,92.05,92.25
2009-11-13,94.25,95.5,92.5,93.1,93.0
2009-11-12,93.0,95.0,93.0,94.8,94.2
2009-11-11,94.6,94.95,93.1,94.05,93.85
2009-11-10,94.0,95.65,93.5,94.5,94.2
2009-11-09,93.45,93.9,91.25,93.1,93.2
2009-11-06,96.1,97.3,91.15,92.2,92.5
2009-11-05,93.7,93.75,90.1,91.1,90.8
2009-11-04,96.5,97.25,92.3,93.55,93.65
2009-11-03,95.5,97.25,94.8,95.8,95.95
2009-10-30,96.5,100.5,96.0,97.25,97.8
2009-10-29,96.0,96.75,95.1,95.5,95.4
2009-10-28,97.4,97.85,95.0,97.0,97.0
2009-10-27,99.2,99.65,94.25,97.95,97.9
2009-10-26,100.0,100.8,99.2,99.55,99.55
2009-10-23,100.0,102.35,100.0,100.35,100.45
2009-10-22,99.75,100.4,99.5,99.95,99.9
2009-10-21,100.15,100.7,99.7,100.05,100.0
2009-10-20,101.45,101.5,99.85,100.35,100.3
2009-10-17,101.0,101.45,100.65,100.7,100.8
2009-10-16,100.8,101.5,100.05,100.1,100.3
2009-10-15,102.55,102.8,100.0,100.1,100.1
2009-10-14,101.6,103.3,101.3,101.7,101.8
2009-10-12,101.2,103.95,100.75,101.6,101.95
2009-10-09,102.0,102.45,100.6,101.25,101.25
2009-10-08,101.0,104.9,100.5,101.4,101.45
2009-10-07,100.8,101.6,100.5,101.0,100.85
2009-10-06,100.5,101.65,100.05,101.2,101.0
2009-10-05,101.0,102.0,100.4,101.25,100.8
2009-10-01,102.0,102.7,101.4,102.3,102.05
2009-09-30,101.7,102.2,101.15,102.0,101.9
2009-09-29,100.85,101.95,100.5,101.85,101.7
2009-09-25,100.9,101.0,100.1,100.8,100.85
2009-09-24,98.55,101.5,98.3,101.05,100.4
2009-09-23,101.5,102.0,100.4,101.4,101.35
2009-09-22,101.0,101.8,100.0,101.6,101.45
2009-09-18,101.1,101.45,100.2,101.1,100.95
2009-09-17,101.6,101.9,100.2,101.3,100.9
2009-09-16,101.75,102.6,100.55,101.3,100.95
2009-09-15,102.1,102.35,101.3,101.4,101.55
2009-09-14,102.8,103.1,101.25,102.0,101.8
2009-09-11,103.15,103.5,101.8,103.35,103.25
2009-09-10,104.35,104.95,101.9,102.2,102.4
2009-09-09,99.1,104.5,99.1,103.0,103.2
2009-09-08,101.05,102.6,100.15,101.4,101.25
2009-09-07,99.8,101.15,99.1,100.75,100.9
2009-09-04,100.25,100.75,97.3,99.1,98.65
2009-09-03,102.0,102.3,99.75,100.0,100.1
2009-09-02,100.3,102.65,100.1,100.95,101.45
2009-09-01,103.25,104.3,100.4,100.9,101.0
2009-08-31,102.75,104.7,102.55,102.65,103.2
2009-08-28,104.9,105.7,103.8,103.9,104.65
2009-08-27,104.95,106.8,103.75,104.4,104.75
2009-08-26,103.0,107.5,102.85,104.65,105.1
2009-08-25,102.5,103.15,101.0,102.55,102.75
2009-08-24,103.9,104.4,101.55,102.8,103.1
2009-08-21,99.9,103.9,98.0,102.4,103.15
2009-08-20,108.0,110.0,98.3,100.1,100.1
