Date,Open,High,Low,Close,Volume
Date,Open,High,Low,Last,Close
2016-08-26,84.15,84.7,82.7,83.65,83.25
2016-08-25,86.45,86.6,83.55,83.95,84.0
2016-08-24,86.5,87.1,84.65,85.85,85.85
2016-08-23,86.4,87.1,85.05,86.2,86.15
2016-08-22,85.2,87.25,84.9,86.0,85.95
2016-08-19,86.3,86.8,84.0,85.0,84.95
2016-08-18,82.95,88.6,82.8,85.7,85.95
2016-08-17,82.75,83.25,81.6,82.4,82.65
2016-08-16,76.8,83.05,76.65,82.4,82.3
2016-08-12,78.35,80.8,76.25,76.75,77.45
2016-08-11,78.5,79.8,75.2,77.6,77.3
2016-08-10,80.75,81.25,78.25,78.4,78.65
2016-08-09,78.55,80.65,77.5,80.3,80.0
2016-08-08,78.8,79.95,78.35,78.85,78.75
2016-08-05,77.55,78.95,77.2,78.5,78.65
2016-08-04,77.2,77.65,76.1,76.9,76.95
2016-08-03,77.5,78.2,75.5,75.75,76.05
2016-08-02,80.5,80.8,77.7,77.9,78.05
2016-08-01,81.75,82.4,78.85,80.2,80.1
2016-07-29,81.65,83.65,81.25,81.5,81.75
2016-07-28,80.5,83.75,79.65,82.2,82.05
2016-07-27,81.15,81.7,79.3,80.3,80.5
2016-07-26,82.95,83.35,80.5,80.9,81.0
2016-07-25,80.95,83.0,80.45,82.25,82.35
2016-07-22,79.2,81.1,78.4,80.45,80.4
2016-07-21,79.5,81.25,78.8,79.05,79.2
2016-07-20,78.75,79.6,78.2,79.15,79.25
2016-07-19,78.15,79.2,76.9,78.95,78.7
2016-07-18,80.35,81.15,77.7,77.7,78.05
2016-07-15,81.5,81.6,79.5,80.0,79.95
2016-07-14,79.0,81.6,78.6,81.0,81.1
2016-07-13,81.8,82.3,78.05,79.1,79.45
2016-07-12,76.6,81.4,76.2,81.3,81.0
2016-07-11,75.75,76.75,75.35,76.3,76.15
2016-07-08,76.5,76.5,73.95,74.45,74.65
2016-07-07,78.0,78.9,76.0,76.05,76.3
2016-07-05,78.4,79.3,77.2,77.75,77.95
2016-07-04,76.65,78.8,76.5,77.75,77.5
2016-07-01,74.4,77.0,74.2,76.4,76.1
2016-06-30,75.55,75.7,74.05,74.35,74.25
2016-06-29,73.0,74.6,73.0,74.3,74.25
2016-06-28,72.15,73.25,71.75,72.7,72.55
2016-06-27,69.5,72.45,69.5,71.9,71.75
2016-06-24,70.5,71.15,68.35,70.7,70.8
2016-06-23,74.35,74.8,73.4,73.75,74.0
2016-06-22,75.3,76.15,73.4,74.6,74.4
2016-06-21,76.35,76.6,74.9,75.1,75.3
2016-06-20,74.4,77.6,74.1,76.05,76.1
2016-06-17,75.7,76.45,75.0,75.1,75.35
2016-06-16,74.6,75.5,73.65,74.85,75.0
2016-06-15,74.1,75.9,74.05,75.05,75.3
2016-06-14,73.0,74.35,72.75,73.75,73.7
2016-06-13,74.5,74.5,72.1,73.0,73.0
2016-06-10,76.3,77.05,74.75,74.85,74.95
2016-06-09,75.4,76.4,74.25,75.7,76.0
2016-06-08,73.65,75.4,73.1,75.4,75.05
2016-06-07,72.6,73.7,72.1,73.25,73.3
2016-06-06,70.9,72.85,70.5,72.5,72.2
2016-06-03,72.25,72.6,70.0,70.35,70.5
2016-06-02,72.6,72.6,71.3,71.65,71.85
2016-06-01,73.7,74.35,72.0,72.3,72.25
2016-05-31,74.3,74.3,72.1,73.3,73.6
2016-05-30,72.75,74.3,71.85,73.75,73.75
2016-05-27,71.65,73.5,71.55,72.2,72.1
2016-05-26,71.65,71.85,70.1,71.05,71.0
2016-05-25,72.25,72.5,70.8,71.4,71.25
2016-05-24,72.55,73.3,68.45,71.3,71.25
2016-05-23,74.35,74.6,72.4,72.45,72.6
2016-05-20,75.3,76.4,73.75,74.0,73.95
2016-05-19,75.0,78.0,74.35,74.55,74.65
2016-05-18,74.9,75.9,74.35,75.25,74.95
2016-05-17,75.5,76.65,75.1,75.35,75.3
2016-05-16,75.9,76.4,73.6,75.2,75.3
2016-05-13,77.0,77.45,75.25,75.85,75.7
2016-05-12,77.5,78.35,76.85,77.8,77.65
2016-05-11,75.0,78.8,75.0,77.25,77.15
2016-05-10,78.65,79.8,78.2,78.6,78.75
2016-05-09,77.0,78.75,76.5,78.5,78.25
2016-05-06,75.5,77.2,75.5,76.9,76.55
2016-05-05,75.6,77.45,75.6,76.15,76.4
2016-05-04,77.5,78.25,75.35,75.65,75.9
2016-05-03,80.8,81.8,77.95,78.15,78.4
2016-05-02,77.85,80.95,76.7,80.2,80.15
2016-04-29,78.7,79.5,75.6,78.55,78.1
2016-04-28,82.25,82.4,78.85,79.25,79.15
2016-04-27,78.4,82.45,77.85,82.15,82.0
2016-04-26,74.25,78.75,74.15,77.75,77.7
2016-04-25,73.85,75.7,73.3,74.9,74.7
2016-04-22,74.1,74.7,73.3,73.85,73.85
2016-04-21,75.6,75.9,73.5,74.0,73.95
2016-04-20,75.6,76.65,74.6,75.3,75.25
2016-04-18,74.4,74.65,73.1,74.0,73.85
2016-04-13,73.85,75.25,73.55,74.35,74.4
2016-04-12,73.3,74.2,72.4,72.8,72.9
2016-04-11,73.2,73.75,71.8,73.05,73.35
2016-04-08,72.9,73.6,72.4,72.75,72.75
2016-04-07,74.6,75.2,72.85,73.0,73.1
2016-04-06,72.9,74.55,72.1,74.3,74.3
2016-04-05,73.95,74.45,72.3,72.7,72.7
2016-04-04,76.6,77.0,74.0,74.6,74.9
2016-04-01,75.0,76.9,74.65,75.5,75.8
2016-03-31,76.75,77.15,75.4,75.5,75.8
2016-03-30,73.25,76.5,73.05,76.2,75.8
2016-03-29,72.7,74.35,72.5,72.85,72.9
2016-03-28,76.95,77.35,73.0,73.35,73.3
2016-03-23,75.15,78.35,74.8,77.6,77.7
2016-03-22,73.1,74.85,72.45,74.5,74.6
2016-03-21,71.0,73.25,70.8,72.9,72.9
2016-03-18,72.8,73.6,69.75,71.0,71.5
2016-03-17,72.65,74.3,72.3,72.55,73.05
2016-03-16,69.95,71.9,69.4,71.65,71.55
2016-03-15,67.9,69.9,67.5,69.65,69.4
2016-03-14,68.4,68.95,66.85,67.55,67.45
2016-03-11,69.0,69.9,67.35,67.75,67.8
2016-03-10,69.85,70.9,68.25,68.6,68.7
2016-03-09,67.9,70.75,67.7,69.8,69.75
2016-03-08,70.5,71.85,68.6,68.8,69.25
2016-03-04,72.25,72.25,70.1,70.8,71.0
2016-03-03,71.0,72.0,68.4,71.85,71.75
2016-03-02,64.5,71.25,63.85,70.1,69.45
2016-03-01,61.0,64.0,61.0,63.1,63.0
2016-02-29,61.6,62.9,59.1,61.4,61.35
2016-02-26,62.75,62.85,59.15,61.2,61.15
2016-02-25,63.7,64.4,61.4,61.75,61.65
2016-02-24,66.1,67.35,62.8,63.9,63.95
2016-02-23,67.0,67.2,64.25,65.1,65.2
2016-02-22,64.55,67.0,64.55,66.9,66.45
2016-02-19,65.2,67.0,64.5,65.05,65.0
2016-02-18,65.75,67.6,65.1,65.4,65.8
2016-02-17,64.15,65.6,61.6,65.25,64.95
2016-02-16,65.2,65.8,62.55,63.95,64.1
2016-02-15,60.5,65.1,60.5,65.1,64.35
2016-02-12,58.45,59.85,55.9,59.75,59.3
2016-02-11,60.5,61.95,56.3,57.1,56.95
2016-02-10,62.5,63.6,60.15,61.0,60.8
2016-02-09,62.5,64.4,62.1,63.2,63.15
2016-02-08,63.0,65.75,62.05,63.5,63.8
2016-02-05,61.85,63.5,60.15,63.35,62.9
2016-02-04,62.7,63.4,60.0,61.8,61.65
2016-02-03,61.35,62.6,59.4,61.65,61.9
2016-02-02,65.7,66.5,62.6,62.8,63.0
2016-02-01,64.95,66.0,64.0,65.95,65.7
2016-01-29,62.45,64.7,61.2,64.3,64.4
2016-01-28,63.5,64.1,61.6,61.85,62.05
2016-01-27,64.6,65.7,63.1,63.5,63.65
2016-01-25,66.95,67.65,63.25,64.3,63.8
2016-01-22,64.75,66.65,63.8,66.0,66.15
2016-01-21,65.0,66.85,61.2,63.6,63.6
2016-01-20,60.7,64.6,58.7,64.2,64.05
2016-01-19,60.75,63.7,59.45,62.45,62.45
2016-01-18,63.4,63.95,59.0,60.15,60.35
2016-01-15,68.75,69.65,62.55,63.2,63.95
2016-01-14,69.0,70.15,67.25,68.55,68.4
2016-01-13,74.15,74.45,67.5,71.1,71.35
2016-01-12,74.25,74.75,72.05,73.05,73.0
2016-01-11,72.3,75.0,72.1,74.0,73.85
2016-01-08,73.6,75.85,73.15,74.55,74.45
2016-01-07,76.5,76.85,72.05,72.55,72.6
2016-01-06,77.0,81.75,76.35,78.6,78.6
2016-01-05,76.5,77.7,75.15,77.5,77.4
2016-01-04,77.15,78.8,74.8,75.8,75.9
2016-01-01,76.2,77.9,76.0,76.95,77.15
2015-12-31,77.35,77.95,75.5,75.85,75.8
2015-12-30,78.2,79.25,76.9,77.15,77.1
2015-12-29,78.0,79.25,77.5,78.4,78.2
2015-12-28,77.9,78.75,76.75,77.7,77.5
2015-12-24,76.2,79.1,74.85,77.85,77.85
2015-12-23,75.7,76.75,75.3,75.95,75.7
2015-12-22,77.5,78.1,74.65,74.95,75.25
2015-12-21,76.35,77.4,75.55,77.15,76.9
2015-12-18,76.65,78.1,76.05,76.6,76.35
2015-12-17,74.95,77.15,74.25,76.75,76.55
2015-12-16,73.3,74.85,73.25,74.75,74.3
2015-12-15,72.85,73.9,72.25,72.75,73.0
2015-12-14,72.0,74.1,71.1,73.45,73.2
2015-12-11,75.15,75.3,71.5,72.25,72.4
2015-12-10,72.25,75.2,71.7,75.05,74.95
2015-12-09,76.8,77.5,70.5,72.1,71.85
2015-12-08,78.2,79.0,76.45,76.45,77.15
2015-12-07,78.75,79.5,77.8,78.2,78.1
2015-12-04,76.7,79.15,76.6,77.7,77.45
2015-12-03,76.7,78.9,76.1,77.55,77.75
2015-12-02,77.85,78.8,76.85,76.9,77.1
2015-12-01,77.75,78.4,77.1,77.25,77.3
2015-11-30,78.25,79.15,77.25,77.35,77.55
2015-11-27,78.85,79.15,77.4,77.95,78.05
2015-11-26,78.1,79.7,77.75,78.05,78.15
2015-11-24,78.0,78.5,77.5,77.75,77.95
2015-11-23,79.4,80.2,78.05,78.2,78.25
2015-11-20,79.45,80.4,78.65,79.4,79.4
2015-11-19,78.95,80.55,78.6,79.65,79.35
2015-11-18,78.6,80.4,77.8,77.9,78.1
2015-11-17,78.75,79.25,77.4,78.75,78.8
2015-11-16,78.95,79.4,77.15,78.0,78.25
2015-11-13,77.25,79.5,76.7,79.15,78.65
2015-11-11,76.4,78.4,76.3,77.2,77.25
2015-11-10,76.8,78.3,74.05,75.6,75.4
2015-11-09,70.1,77.45,70.05,76.65,76.8
2015-11-06,76.0,76.8,73.0,73.65,73.9
2015-11-05,78.2,78.5,75.25,75.65,75.55
2015-11-04,78.75,80.8,78.0,78.45,78.8
2015-11-03,79.0,79.1,77.4,77.5,77.85
2015-11-02,80.6,80.85,76.35,78.25,78.4
2015-10-30,83.3,84.15,79.45,80.5,80.35
2015-10-29,83.3,85.25,82.5,82.9,83.05
2015-10-28,79.1,83.9,78.85,82.8,82.9
2015-10-27,79.0,79.65,78.2,78.8,78.75
2015-10-26,81.5,81.8,78.95,79.0,79.5
2015-10-23,82.2,82.35,80.75,81.3,81.3
2015-10-21,82.6,83.3,80.15,81.15,81.3
2015-10-20,82.85,82.95,81.45,82.5,82.3
2015-10-19,81.8,83.15,80.9,82.7,82.55
2015-10-16,81.3,82.6,80.1,81.6,81.45
2015-10-15,81.6,83.0,80.6,81.0,81.0
2015-10-14,81.6,84.0,80.0,81.0,81.0
2015-10-13,75.75,81.5,75.35,81.45,81.1
2015-10-12,75.3,77.15,75.0,75.55,75.6
2015-10-09,75.7,76.6,74.3,74.65,75.1
2015-10-08,75.9,76.2,74.2,75.3,75.3
2015-10-07,75.0,76.3,74.2,75.1,75.5
2015-10-06,76.7,76.7,74.5,75.35,75.25
2015-10-05,75.9,76.85,75.2,76.3,76.1
2015-10-01,75.6,77.0,73.3,74.45,74.6
2015-09-30,73.8,75.5,72.0,75.05,74.8
2015-09-29,68.1,73.9,66.3,72.8,73.05
2015-09-28,72.2,73.25,69.0,69.65,69.45
2015-09-24,70.7,72.25,69.65,71.7,71.4
2015-09-23,69.0,71.9,67.75,68.55,68.8
2015-09-22,68.5,74.2,68.45,70.4,70.45
2015-09-21,65.2,69.15,64.75,67.9,68.05
2015-09-18,65.2,67.0,64.8,66.3,66.4
2015-09-16,63.15,65.8,60.9,63.75,63.95
2015-09-15,62.95,64.1,61.8,62.25,62.75
2015-09-14,63.0,64.2,61.55,62.7,62.9
2015-09-11,61.8,63.8,61.15,62.15,63.0
2015-09-10,60.8,62.65,59.1,61.6,61.55
2015-09-09,60.55,64.85,60.25,62.9,63.1
2015-09-08,56.4,59.85,54.25,59.6,59.0
2015-09-07,58.9,60.3,53.25,55.9,55.15
2015-09-04,65.65,65.65,57.6,58.35,58.1
2015-09-03,67.8,68.35,65.4,65.7,66.05
2015-09-02,69.9,70.8,66.3,66.9,67.0
2015-09-01,70.3,71.9,68.25,69.0,69.45
2015-08-31,73.25,73.25,70.9,71.5,71.7
2015-08-28,75.1,76.0,73.0,73.65,74.0
2015-08-27,73.05,75.35,72.7,74.0,73.95
2015-08-26,67.55,72.1,67.55,71.3,71.6
2015-08-25,71.0,72.3,64.3,70.2,69.5
2015-08-24,73.0,74.5,64.1,68.4,69.75
2015-08-21,76.55,78.6,75.5,78.15,78.0
2015-08-20,77.05,79.45,76.85,78.95,78.8
2015-08-19,78.8,78.95,76.75,77.6,77.75
2015-08-18,78.3,79.3,76.7,78.85,78.75
2015-08-17,78.65,79.65,74.7,78.05,77.9
2015-08-14,76.3,78.85,76.2,78.5,78.45
2015-08-13,74.45,78.4,74.1,75.25,75.0
2015-08-12,76.3,76.3,70.35,74.55,73.05
2015-08-11,81.4,81.4,76.3,76.4,76.5
2015-08-10,81.05,83.15,80.2,80.65,80.95
2015-08-07,80.6,83.2,80.6,82.1,82.2
2015-08-06,83.7,83.8,81.75,82.2,82.4
2015-08-05,82.4,84.7,82.05,83.45,83.15
2015-08-04,81.5,82.8,80.5,81.9,82.2
2015-08-03,82.75,82.75,80.55,81.2,81.3
2015-07-31,83.9,83.9,82.1,82.1,82.5
2015-07-30,83.85,87.4,82.05,83.15,83.35
2015-07-29,82.95,83.9,81.1,82.4,82.25
2015-07-28,82.95,83.9,80.95,82.45,82.3
2015-07-27,86.95,86.95,82.1,82.3,82.35
2015-07-24,86.4,89.2,86.3,87.6,87.3
2015-07-23,84.5,86.95,83.7,86.75,86.55
2015-07-22,82.35,84.0,81.6,83.7,83.7
2015-07-21,85.45,85.6,81.4,82.6,82.55
2015-07-20,83.25,86.25,83.2,85.4,85.15
2015-07-17,83.55,84.1,81.7,82.15,82.15
2015-07-16,84.15,84.65,83.1,83.3,83.35
2015-07-15,84.5,86.35,82.75,83.8,83.85
2015-07-14,80.95,85.7,79.75,83.35,83.45
2015-07-13,81.35,81.35,79.5,80.45,80.55
2015-07-10,79.25,80.7,78.55,79.9,80.05
2015-07-09,79.25,80.85,78.2,78.5,78.5
2015-07-08,78.0,81.45,78.0,78.45,78.5
2015-07-07,80.3,82.9,79.8,79.85,80.05
2015-07-06,77.2,80.3,76.7,79.4,79.55
2015-07-03,79.9,81.5,78.55,78.9,79.45
2015-07-02,80.8,82.25,79.1,79.5,79.95
2015-07-01,78.65,81.5,78.65,80.5,80.4
2015-06-30,77.45,79.25,77.4,78.7,78.65
2015-06-29,76.6,78.75,76.15,76.75,77.0
2015-06-26,81.45,82.8,79.6,81.45,81.55
2015-06-25,78.0,81.4,76.9,80.85,80.6
2015-06-24,79.0,81.2,78.4,78.55,78.7
2015-06-23,80.0,80.3,77.5,78.85,78.85
2015-06-22,76.9,81.0,76.5,79.95,79.8
2015-06-19,80.9,81.4,76.1,76.35,76.9
2015-06-18,80.45,83.0,79.55,80.5,80.35
2015-06-17,76.45,82.2,76.0,80.05,79.95
2015-06-16,71.9,76.8,70.55,75.6,75.75
2015-06-15,70.0,73.2,69.9,71.9,72.0
2015-06-12,71.6,71.7,57.7,70.35,70.25
2015-06-11,74.25,76.0,71.05,72.15,72.1
2015-06-10,68.7,75.7,68.7,73.35,73.45
2015-06-09,67.5,70.35,62.2,67.35,67.6
2015-06-08,72.6,72.6,67.75,67.9,68.6
2015-06-05,73.85,76.75,72.1,72.25,72.55
2015-06-04,75.7,76.45,72.7,74.15,74.35
2015-06-03,80.25,80.3,74.1,75.65,75.3
2015-06-02,82.9,83.4,79.5,79.9,80.1
2015-06-01,82.45,85.25,82.25,82.4,82.5
2015-05-29,81.6,84.0,78.4,83.65,82.35
2015-05-28,84.95,85.0,80.7,80.85,81.1
2015-05-27,84.1,85.2,82.3,84.4,84.55
2015-05-26,83.35,86.45,82.7,85.8,85.7
2015-05-25,84.6,85.85,82.6,82.8,83.4
2015-05-22,84.45,85.65,83.1,85.0,84.95
2015-05-21,87.35,87.6,82.45,84.5,84.15
2015-05-20,90.35,90.95,86.6,87.0,86.95
2015-05-19,88.35,91.3,87.05,89.6,89.6
2015-05-18,96.5,97.3,84.3,88.0,87.7
2015-05-15,104.4,106.4,95.5,95.9,96.25
2015-05-14,96.8,104.0,95.1,102.85,101.85
2015-05-13,95.4,98.2,94.0,96.1,95.85
2015-05-12,97.7,97.8,92.0,94.7,93.3
2015-05-11,94.6,98.8,94.5,97.75,97.55
2015-05-08,93.9,96.8,91.9,93.4,93.4
2015-05-07,95.85,95.85,87.5,91.4,91.4
2015-05-06,100.0,101.0,95.4,95.85,96.05
2015-05-05,95.15,102.9,95.1,101.7,101.9
2015-05-04,91.85,96.0,91.45,95.85,94.55
2015-04-30,91.5,92.2,89.8,91.15,90.9
2015-04-29,94.2,95.2,90.9,91.7,91.7
2015-04-28,88.9,94.35,87.55,93.4,93.45
2015-04-27,94.35,94.6,88.1,88.9,89.9
2015-04-24,98.8,98.8,93.45,93.65,93.8
2015-04-23,98.8,100.4,97.1,98.2,98.45
2015-04-22,100.8,102.8,96.0,97.85,97.8
2015-04-21,97.0,102.0,95.85,99.8,99.8
2015-04-20,99.85,99.9,94.7,97.4,96.9
2015-04-17,100.0,103.25,98.65,99.0,99.25
2015-04-16,105.5,105.95,98.45,99.1,99.45
2015-04-15,107.0,109.7,104.8,105.2,105.45
2015-04-13,109.1,110.7,106.4,106.75,106.7
2015-04-10,110.6,111.6,108.5,108.65,108.95
2015-04-09,114.65,115.8,109.65,110.25,110.55
2015-04-08,114.95,115.5,109.6,113.45,113.75
2015-04-07,116.45,118.15,112.55,113.7,113.95
2015-04-06,110.9,117.95,108.65,115.15,115.45
2015-04-01,109.8,111.4,108.25,110.1,110.55
2015-03-31,108.0,113.5,107.45,111.05,112.05
2015-03-30,97.0,108.25,96.5,107.2,104.7
2015-03-27,95.9,97.25,92.75,95.8,95.45
2015-03-26,96.5,96.9,92.5,96.7,94.6
2015-03-25,97.45,98.15,96.4,96.85,96.8
2015-03-24,97.3,98.5,95.8,96.8,96.85
2015-03-23,97.4,100.4,95.25,97.6,97.05
2015-03-20,99.0,100.65,94.15,95.5,95.95
2015-03-19,101.0,105.7,97.2,98.95,99.2
2015-03-18,99.95,101.6,97.2,101.0,100.5
2015-03-17,99.75,101.8,97.5,99.3,99.4
2015-03-16,100.5,101.6,96.0,98.6,98.8
2015-03-13,100.25,104.5,99.0,101.15,100.2
2015-03-12,92.25,100.75,92.25,98.85,99.35
2015-03-11,89.9,93.15,89.05,91.3,91.05
2015-03-10,91.6,93.45,87.35,89.35,89.0
2015-03-09,91.3,93.25,88.75,91.5,91.0
2015-03-05,88.4,95.6,88.25,93.6,93.65
2015-03-04,94.4,94.5,86.1,88.45,88.05
2015-03-03,93.5,97.5,91.4,93.25,94.7
2015-03-02,79.4,94.5,78.2,92.75,92.45
2015-02-28,77.1,79.9,73.9,78.8,79.0
2015-02-27,76.95,79.0,75.55,76.0,76.35
2015-02-26,78.45,78.45,75.65,76.1,76.3
2015-02-25,77.6,79.1,77.2,78.3,77.9
2015-02-24,76.9,78.75,76.35,77.0,77.1
2015-02-23,79.75,81.0,76.3,76.5,76.85
2015-02-20,79.45,79.75,77.0,78.05,78.2
2015-02-19,78.9,79.95,76.6,78.5,78.8
2015-02-18,80.8,81.2,78.0,78.75,78.5
2015-02-16,82.45,83.2,80.0,80.25,80.55
2015-02-13,84.15,84.5,81.15,82.1,82.15
2015-02-12,77.7,84.9,77.2,83.95,84.2
2015-02-11,64.5,75.8,64.5,75.8,75.8
2015-02-10,62.25,66.15,60.6,63.3,63.2
2015-02-09,69.45,69.55,62.05,63.1,63.55
2015-02-06,71.15,73.25,70.1,70.5,70.65
2015-02-05,75.0,75.0,70.75,71.3,71.2
2015-02-04,73.0,77.4,71.7,74.85,74.9
2015-02-03,75.5,75.7,72.15,72.4,72.65
2015-02-02,75.15,75.75,73.8,75.15,75.05
2015-01-30,75.55,78.6,74.5,75.8,75.85
2015-01-29,76.25,76.25,74.2,74.55,75.15
2015-01-28,72.55,79.3,72.45,76.0,75.9
2015-01-27,72.65,72.65,70.65,72.0,71.95
2015-01-23,75.35,75.5,69.0,71.9,72.05
2015-01-22,72.5,75.95,71.3,73.8,73.95
2015-01-21,75.5,75.6,72.25,72.35,72.5
2015-01-20,75.6,76.35,74.75,75.0,74.95
2015-01-19,76.1,77.5,74.85,74.9,75.25
2015-01-16,77.2,78.35,76.0,76.6,76.4
2015-01-15,77.25,80.7,76.6,76.95,77.25
2015-01-14,77.0,77.8,75.3,75.6,75.75
2015-01-13,78.3,79.75,76.55,77.55,77.35
2015-01-12,79.45,79.45,77.5,78.6,78.55
2015-01-09,80.35,81.4,77.85,78.7,79.2
2015-01-08,77.2,80.2,77.2,79.05,79.3
2015-01-07,77.2,77.95,74.1,76.45,76.1
2015-01-06,79.85,79.85,76.5,77.0,77.0
2015-01-05,81.65,82.7,79.7,81.05,80.8
2015-01-02,82.35,84.35,81.7,81.9,81.95
2015-01-01,80.8,83.7,80.6,82.6,82.6
2014-12-31,83.35,83.35,80.4,81.65,81.6
2014-12-30,80.7,83.9,80.5,83.35,83.0
2014-12-29,79.6,81.7,78.5,79.6,79.2
2014-12-26,82.05,82.45,78.6,78.8,79.05
2014-12-24,81.7,84.2,80.8,81.6,81.4
2014-12-23,85.25,85.25,81.3,81.9,81.85
2014-12-22,84.65,90.25,83.9,84.65,84.65
2014-12-19,76.65,87.9,76.5,83.75,83.65
2014-12-18,72.0,75.9,72.0,75.5,75.35
2014-12-17,72.6,73.45,67.65,70.45,70.65
2014-12-16,77.65,78.6,72.15,73.4,73.0
2014-12-15,76.7,79.25,76.1,77.7,77.75
2014-12-12,80.5,82.6,76.45,77.45,77.5
2014-12-11,82.45,82.95,79.3,79.9,79.9
2014-12-10,78.75,83.65,78.2,82.5,83.0
2014-12-09,76.4,80.4,75.0,78.4,79.35
2014-12-08,80.6,82.25,76.1,76.3,76.5
2014-12-05,71.3,83.0,71.2,79.85,79.95
2014-12-04,68.5,72.9,67.65,70.9,70.95
2014-12-03,64.45,69.0,63.8,68.4,67.9
2014-12-02,63.35,65.05,62.5,64.05,64.1
2014-12-01,66.5,67.6,63.55,63.8,63.95
2014-11-28,66.3,67.85,66.15,67.1,67.15
2014-11-27,66.35,67.8,64.7,66.1,66.25
2014-11-26,64.8,68.0,64.7,66.35,66.45
2014-11-25,63.5,66.0,58.25,65.7,63.5
2014-11-24,64.15,65.3,62.7,63.6,63.25
2014-11-21,64.85,66.5,63.25,63.5,63.5
2014-11-20,67.5,67.8,64.15,65.05,64.85
2014-11-19,69.75,70.2,66.25,67.0,67.2
2014-11-18,67.7,71.15,67.6,69.4,69.0
2014-11-17,61.6,70.0,61.3,66.85,67.0
2014-11-14,58.0,61.8,58.0,61.1,61.35
2014-11-13,57.0,60.2,54.85,57.35,57.25
2014-11-12,56.9,58.3,56.15,56.6,56.5
2014-11-11,57.4,57.95,56.05,56.3,56.4
2014-11-10,56.05,57.4,54.6,56.9,56.85
2014-11-07,58.1,59.35,55.3,55.95,55.8
2014-11-05,56.4,58.9,52.4,57.8,57.15
2014-11-03,60.15,62.55,56.2,56.5,57.0
2014-10-31,51.5,60.8,51.1,59.25,59.65
2014-10-30,53.8,54.35,50.4,52.6,52.65
2014-10-29,50.5,55.0,50.3,53.3,53.2
2014-10-28,44.7,51.2,44.6,49.75,49.7
2014-10-27,44.65,46.1,43.8,44.15,44.35
2014-10-23,42.4,45.1,42.1,44.55,44.65
2014-10-22,43.45,43.45,41.75,42.1,42.15
2014-10-21,43.0,43.5,42.15,43.0,43.1
2014-10-20,43.05,43.8,42.3,43.0,43.05
2014-10-17,39.9,43.2,38.2,42.2,42.05
2014-10-16,42.0,42.95,39.0,39.6,39.65
2014-10-14,43.6,44.9,42.15,42.2,42.4
2014-10-13,43.5,45.3,43.0,43.0,43.25
2014-10-10,42.55,46.35,41.45,44.2,44.05
2014-10-09,38.5,44.9,38.35,44.3,43.85
2014-10-08,36.0,38.7,35.6,38.1,38.15
2014-10-07,37.85,38.35,36.15,36.4,36.4
2014-10-01,38.5,39.35,38.0,38.35,38.2
2014-09-30,40.55,41.0,38.35,39.25,38.9
2014-09-29,36.75,41.6,36.1,40.85,40.65
2014-09-26,35.35,37.95,34.0,36.95,36.65
2014-09-25,40.35,40.75,35.2,35.6,35.65
2014-09-24,43.2,43.25,39.6,40.0,39.95
2014-09-23,44.55,45.7,42.5,42.85,42.85
2014-09-22,45.8,46.1,43.45,44.4,44.25
2014-09-19,47.3,48.8,45.6,46.0,46.45
2014-09-18,45.0,47.95,43.55,47.4,46.9
2014-09-17,68.7,75.8,66.05,71.0,71.55
2014-09-16,69.65,70.85,67.25,67.4,68.0
2014-09-15,66.7,69.8,65.7,69.45,69.15
2014-09-12,68.5,68.5,66.6,66.85,67.05
2014-09-11,72.5,73.0,68.3,68.75,69.15
2014-09-10,68.7,72.5,68.5,70.85,71.05
2014-09-09,70.0,70.25,68.5,69.5,69.4
2014-09-08,68.1,71.3,67.6,70.1,69.95
2014-09-05,66.1,68.4,66.1,67.4,67.4
2014-09-04,68.35,68.4,66.5,66.9,66.75
2014-09-03,69.5,70.6,68.15,68.45,68.45
2014-09-02,68.0,70.25,66.3,69.3,69.6
2014-09-01,70.0,72.4,66.6,67.3,67.45
2014-08-28,69.5,69.8,68.5,68.75,68.85
2014-08-27,69.0,71.4,68.8,68.9,69.1
2014-08-26,71.15,71.15,68.2,69.2,69.0
2014-08-25,70.55,74.35,68.1,70.65,70.65
2014-08-22,72.8,73.1,69.1,70.3,70.05
2014-08-21,73.6,74.8,71.75,72.85,72.45
2014-08-20,76.35,76.35,72.75,73.4,73.4
2014-08-19,68.3,78.65,68.3,75.6,76.75
2014-08-18,64.5,69.05,64.2,68.7,68.15
2014-08-14,62.35,65.85,61.7,65.0,65.1
2014-08-13,69.35,69.95,58.9,60.75,61.75
2014-08-12,70.5,70.9,69.3,70.05,70.05
2014-08-11,69.25,70.8,69.25,70.0,70.1
2014-08-08,69.5,69.6,67.5,69.6,69.05
2014-08-07,70.05,71.75,70.05,70.5,70.35
2014-08-06,70.7,72.4,69.85,70.0,70.05
2014-08-05,71.6,72.7,70.55,71.15,71.4
2014-08-04,71.1,73.3,70.6,72.0,71.8
2014-08-01,72.5,74.25,71.0,71.2,71.3
2014-07-31,68.8,74.0,68.8,73.2,73.2
2014-07-30,68.3,69.75,68.0,69.25,69.35
2014-07-28,69.0,71.2,68.55,68.7,68.95
2014-07-25,71.5,72.45,69.05,69.3,69.4
2014-07-24,71.8,74.2,71.0,72.3,72.2
2014-07-23,72.15,72.85,71.0,71.65,71.7
2014-07-22,72.4,74.15,71.7,72.2,72.1
2014-07-21,73.3,75.15,72.45,72.8,72.85
2014-07-18,74.8,74.8,73.35,73.85,73.9
2014-07-17,74.4,76.5,74.25,75.55,75.45
2014-07-16,74.9,75.75,73.55,74.5,74.5
2014-07-15,71.8,74.7,71.6,74.5,74.25
2014-07-14,69.5,71.8,67.3,71.4,70.75
2014-07-11,73.0,74.9,69.3,70.35,70.15
2014-07-10,68.25,77.4,67.0,72.05,72.15
2014-07-09,72.4,73.0,66.9,68.0,68.1
2014-07-08,76.55,77.5,71.45,72.6,72.35
2014-07-07,77.9,79.0,76.25,76.85,76.85
2014-07-04,78.85,79.45,76.9,77.5,77.85
2014-07-03,79.45,80.2,78.3,79.0,78.85
2014-07-02,80.5,80.95,78.55,79.0,78.9
2014-07-01,81.7,83.5,79.5,80.15,79.95
2014-06-30,77.0,80.55,76.2,80.05,80.15
2014-06-27,77.8,78.4,75.5,76.8,76.6
2014-06-26,78.25,80.5,76.0,77.5,77.25
2014-06-25,72.45,78.4,72.0,78.3,77.65
2014-06-24,70.3,72.65,69.8,71.65,71.8
2014-06-23,69.0,71.35,68.3,69.2,69.4
2014-06-20,73.0,74.0,68.25,69.4,68.7
2014-06-19,76.9,78.4,73.1,73.5,73.7
2014-06-18,72.0,78.4,70.5,75.9,76.15
2014-06-17,70.5,72.9,69.5,71.8,72.0
2014-06-16,69.15,72.2,66.0,70.5,70.9
2014-06-13,72.75,75.35,68.1,69.1,69.15
2014-06-12,74.35,74.5,71.75,72.6,72.35
2014-06-11,77.7,78.8,73.15,74.1,73.75
2014-06-10,81.7,81.7,76.15,76.7,76.85
2014-06-09,80.0,82.55,80.0,81.3,81.85
2014-06-06,81.0,82.7,79.1,79.55,79.7
2014-06-05,81.95,83.45,78.15,80.85,80.15
2014-06-04,78.3,81.85,77.3,81.35,81.4
2014-06-03,76.3,78.25,74.8,77.7,77.55
2014-06-02,73.3,77.4,73.2,75.35,75.55
2014-05-30,74.0,76.4,71.1,72.3,72.45
2014-05-29,75.8,77.45,73.5,73.7,73.9
2014-05-28,75.2,80.9,75.2,76.7,76.55
2014-05-27,76.95,77.0,71.45,75.65,75.85
2014-05-26,81.45,83.35,74.1,76.8,76.95
2014-05-23,78.7,82.4,78.2,80.7,80.35
2014-05-22,76.65,79.9,76.0,77.95,77.8
2014-05-21,78.6,82.9,73.2,75.35,75.85
2014-05-20,81.4,89.0,78.1,78.5,78.85
2014-05-19,70.3,81.4,68.75,80.6,79.05
2014-05-16,67.9,72.0,64.5,68.9,69.35
2014-05-15,67.9,69.0,63.5,63.9,63.95
2014-05-14,71.2,72.4,66.8,67.65,67.45
2014-05-13,61.1,71.95,61.1,70.75,70.6
2014-05-12,56.75,61.7,56.75,60.0,60.4
2014-05-09,56.3,57.3,55.55,56.35,56.3
2014-05-08,53.0,56.55,52.9,56.5,55.8
2014-05-07,52.55,53.7,52.1,52.95,52.7
2014-05-06,48.9,52.2,48.55,52.15,51.8
2014-05-05,50.0,50.45,48.0,48.5,48.4
2014-05-02,50.9,51.9,49.1,50.1,50.1
2014-04-30,53.0,54.0,42.2,50.6,50.3
2014-04-29,53.0,54.7,51.7,52.0,52.7
2014-04-28,54.6,54.8,52.2,52.95,52.85
2014-04-25,52.8,55.65,52.7,54.35,54.1
2014-04-23,50.15,52.9,49.75,52.7,52.5
2014-04-22,48.95,54.5,48.95,49.55,49.75
2014-04-21,46.4,48.95,46.4,48.9,48.55
2014-04-17,46.45,48.75,45.8,46.0,46.15
2014-04-16,47.95,49.2,44.2,45.65,45.45
2014-04-15,51.7,52.0,47.2,47.85,47.7
2014-04-11,45.0,51.9,44.7,51.4,51.35
2014-04-10,42.0,49.0,42.0,45.7,45.6
2014-04-09,38.45,42.45,37.6,42.25,41.65
2014-04-07,36.95,38.3,36.2,38.0,38.05
2014-04-04,36.95,37.25,36.3,36.5,36.55
2014-04-03,36.05,37.85,35.4,36.55,36.6
2014-04-02,35.45,36.6,35.45,36.3,36.3
2014-04-01,35.45,36.0,34.5,35.4,35.4
2014-03-31,36.4,37.6,35.0,35.7,35.5
2014-03-28,36.5,37.7,36.0,36.2,36.15
2014-03-27,34.4,37.5,34.3,36.25,36.35
2014-03-26,32.6,34.4,32.25,34.2,33.95
2014-03-25,32.3,33.0,32.25,32.8,32.65
2014-03-24,32.65,33.55,32.3,32.6,32.6
2014-03-22,32.5,32.75,32.2,32.65,32.6
2014-03-21,31.85,32.85,31.85,32.2,32.4
2014-03-20,32.9,33.6,31.7,31.7,32.05
2014-03-19,31.6,32.9,30.0,32.2,32.3
2014-03-18,32.15,33.25,31.1,31.7,31.5
2014-03-14,31.5,32.7,30.75,32.0,32.15
2014-03-13,31.8,33.1,31.6,32.0,31.85
2014-03-12,33.3,33.45,31.55,31.85,31.75
2014-03-11,33.2,34.75,32.7,32.9,33.1
2014-03-10,34.45,35.5,30.15,33.1,33.1
2014-03-07,30.4,36.7,29.75,34.35,34.2
2014-03-06,30.5,31.45,30.2,30.7,30.6
2014-03-05,28.7,31.0,28.6,30.7,30.7
2014-03-04,27.3,28.9,26.7,28.8,28.6
2014-03-03,26.2,27.65,25.75,27.1,27.35
2014-02-28,24.4,26.15,24.2,26.1,25.75
2014-02-26,24.4,24.8,24.15,24.3,24.25
2014-02-25,25.0,25.15,24.2,24.3,24.3
2014-02-24,24.9,25.65,24.4,24.8,24.95
2014-02-21,24.4,24.8,24.15,24.75,24.65
2014-02-20,23.5,24.65,23.2,23.9,23.85
2014-02-19,24.4,24.75,23.6,23.7,23.7
2014-02-18,23.55,24.4,23.55,23.95,23.95
2014-02-17,23.9,24.4,23.65,24.0,23.8
2014-02-14,24.1,24.5,23.65,23.65,23.9
2014-02-13,25.75,25.75,23.8,23.8,24.05
2014-02-12,26.8,27.35,25.8,26.1,26.0
2014-02-11,27.15,27.45,26.25,27.0,26.95
2014-02-10,26.5,27.3,26.3,27.2,27.15
2014-02-07,24.8,26.8,24.8,26.8,26.25
2014-02-06,24.8,25.05,24.6,24.7,24.9
2014-02-05,25.5,25.55,24.3,25.05,24.85
2014-02-04,23.45,25.1,22.75,25.0,24.95
2014-02-03,25.0,25.0,23.4,23.5,23.65
2014-01-31,25.0,25.35,24.5,24.65,24.8
2014-01-30,26.0,26.0,24.65,24.9,24.9
2014-01-29,26.5,26.5,25.7,26.15,26.0
2014-01-28,25.25,25.8,25.0,25.65,25.6
2014-01-27,26.9,26.9,25.1,25.4,25.25
2014-01-24,27.95,28.1,27.2,27.4,27.3
2014-01-23,28.25,28.65,28.0,28.15,28.2
2014-01-22,28.15,29.0,28.05,28.4,28.4
2014-01-21,28.6,29.2,28.25,28.35,28.4
2014-01-20,28.3,28.75,28.0,28.4,28.4
2014-01-17,29.3,29.5,28.0,28.15,28.15
2014-01-16,29.9,30.1,29.15,29.25,29.25
2014-01-15,29.7,30.05,29.3,29.65,29.7
2014-01-14,29.0,30.4,29.0,29.35,29.4
2014-01-13,29.55,30.0,28.8,29.3,29.2
2014-01-10,30.4,31.2,29.05,29.3,29.25
2014-01-09,30.35,30.9,29.0,30.35,30.1
2014-01-08,30.5,31.7,30.4,30.6,30.65
2014-01-07,30.95,31.25,30.0,30.45,30.3
2014-01-06,31.95,32.2,30.55,30.75,30.75
2014-01-03,31.4,32.3,30.8,31.8,31.7
2014-01-02,33.95,34.9,31.1,31.6,31.45
2014-01-01,33.65,34.35,33.35,33.6,33.7
2013-12-31,32.15,33.7,31.9,33.3,33.25
2013-12-30,32.4,32.6,30.9,32.15,31.85
2013-12-27,32.4,32.9,32.2,32.5,32.5
2013-12-26,32.1,33.4,31.9,32.65,32.55
2013-12-24,31.95,32.35,31.25,31.75,31.8
2013-12-23,30.0,32.0,30.0,31.7,31.7
2013-12-20,28.0,30.4,28.0,30.25,30.15
2013-12-19,27.85,28.2,27.4,27.7,27.7
2013-12-18,27.95,28.65,27.25,27.55,27.45
2013-12-17,28.05,29.85,27.75,27.85,28.05
2013-12-16,28.05,28.65,27.7,28.05,28.1
2013-12-13,28.6,29.2,27.85,27.95,28.2
2013-12-12,28.75,29.4,28.3,28.65,28.7
2013-12-11,29.0,29.65,28.35,28.75,28.8
2013-12-10,30.45,30.45,27.6,29.25,28.9
2013-12-09,32.0,32.5,30.1,30.25,30.4
2013-12-06,30.05,31.3,29.6,30.8,30.75
2013-12-05,28.5,30.5,27.4,30.1,29.75
2013-12-04,26.0,27.8,25.7,27.6,27.4
2013-12-03,26.5,26.6,25.7,26.2,26.05
2013-12-02,25.5,26.95,25.25,26.8,26.7
2013-11-29,25.0,25.7,24.45,25.2,25.25
2013-11-28,24.3,25.15,24.3,24.9,24.8
2013-11-27,24.0,24.6,23.2,24.5,24.2
2013-11-26,25.45,25.7,23.3,24.1,24.15
2013-11-25,25.15,25.8,25.15,25.6,25.6
2013-11-22,25.05,25.7,24.55,25.0,25.0
2013-11-21,25.0,25.5,24.75,25.05,25.05
2013-11-20,26.45,26.45,25.25,25.5,25.5
2013-11-19,25.55,26.65,25.25,26.3,26.45
2013-11-18,25.4,25.55,24.65,25.35,25.15
2013-11-14,25.25,25.85,24.6,25.3,25.0
2013-11-13,24.35,25.6,22.65,25.05,25.0
2013-11-12,25.2,25.7,24.95,25.1,25.05
2013-11-11,26.0,26.3,24.9,25.2,25.05
2013-11-08,24.7,26.7,24.15,26.3,26.05
2013-11-07,26.45,26.5,24.5,24.8,24.7
2013-11-06,27.15,27.5,26.05,26.4,26.3
2013-11-05,26.9,27.8,26.1,26.75,26.8
2013-11-03,26.9,27.1,26.4,26.75,26.65
2013-11-01,26.0,26.85,25.5,26.4,26.5
2013-10-31,25.5,26.1,25.25,26.05,25.85
2013-10-30,23.95,25.65,23.35,25.4,25.25
2013-10-29,23.35,23.8,22.4,23.6,23.55
2013-10-28,25.0,25.15,22.9,23.1,23.15
2013-10-25,24.85,25.3,24.35,24.85,24.85
2013-10-24,22.9,25.0,22.8,24.8,24.65
2013-10-23,23.6,23.85,22.4,22.75,22.75
2013-10-22,23.4,24.35,23.1,23.4,23.4
2013-10-21,23.1,23.45,22.7,23.3,23.3
2013-10-18,22.7,23.75,22.65,23.0,22.95
2013-10-17,21.85,23.3,21.5,22.3,22.35
2013-10-15,22.3,22.7,21.4,21.55,21.6
2013-10-14,22.0,22.65,21.3,21.9,22.0
2013-10-11,20.4,23.2,20.0,22.05,21.95
2013-10-10,20.2,20.55,19.55,19.7,19.75
2013-10-09,19.35,20.7,19.1,20.2,20.2
2013-10-08,18.55,19.8,18.55,19.6,19.5
2013-10-07,18.55,18.75,18.2,18.45,18.4
2013-10-04,18.3,18.9,18.3,18.5,18.55
2013-10-03,18.2,18.75,18.2,18.55,18.55
2013-10-01,18.0,18.35,17.8,18.1,18.15
2013-09-30,18.75,18.75,17.8,17.95,17.9
2013-09-27,18.6,19.5,18.45,18.8,18.8
2013-09-26,18.75,19.75,18.15,18.5,18.4
2013-09-25,17.6,18.2,17.4,18.15,18.0
2013-09-24,18.0,18.35,17.45,17.6,17.6
2013-09-23,18.15,18.45,17.8,17.95,17.95
2013-09-20,20.55,20.6,17.55,18.1,17.9
2013-09-19,19.45,20.6,19.4,20.55,20.25
2013-09-18,19.2,19.4,18.55,18.8,18.9
2013-09-17,19.6,19.6,18.3,19.0,18.95
2013-09-16,20.65,20.95,19.3,19.7,19.7
2013-09-13,19.4,20.35,19.3,20.2,20.1
2013-09-12,20.35,21.25,19.15,19.35,19.45
2013-09-11,19.0,20.45,18.65,20.0,20.2
2013-09-10,18.8,19.1,18.6,18.95,18.85
2013-09-06,18.2,18.8,17.8,18.15,18.2
2013-09-05,17.1,18.4,17.1,18.2,18.2
2013-09-04,17.0,17.25,16.5,17.15,16.9
2013-09-03,17.65,17.95,16.65,16.8,16.8
2013-09-02,17.75,18.0,17.3,17.65,17.6
2013-08-30,18.1,18.1,17.3,17.4,17.55
2013-08-29,18.05,18.35,17.6,17.7,17.75
2013-08-28,18.15,18.2,17.3,17.6,17.8
2013-08-27,18.5,18.7,18.15,18.2,18.25
2013-08-26,18.8,19.15,18.35,18.5,18.5
2013-08-23,18.65,19.4,18.4,18.45,18.6
2013-08-22,18.05,18.8,17.9,18.75,18.6
2013-08-21,18.95,19.45,18.05,18.1,18.2
2013-08-20,18.4,19.5,18.3,18.6,18.8
2013-08-19,19.35,19.4,18.05,19.0,19.05
2013-08-16,20.95,20.95,19.05,19.05,19.3
2013-08-14,21.35,21.9,21.0,21.25,21.15
2013-08-13,20.6,21.4,20.3,21.2,21.1
2013-08-12,19.95,22.5,19.7,20.15,20.15
2013-08-08,18.7,19.8,18.35,19.4,19.5
2013-08-07,19.0,20.0,18.1,18.9,18.95
2013-08-06,19.6,19.6,17.8,18.5,18.45
2013-08-05,19.75,20.45,19.3,19.75,19.65
2013-08-02,21.9,21.9,19.2,19.85,19.65
2013-08-01,23.3,23.9,20.65,21.15,21.15
2013-07-31,22.95,23.3,21.6,23.2,23.0
2013-07-30,23.3,23.75,22.35,23.35,22.8
2013-07-29,23.5,23.6,22.6,22.95,22.9
2013-07-26,24.5,24.5,23.1,23.55,23.55
2013-07-25,25.1,25.1,24.0,24.25,24.1
2013-07-24,25.55,25.55,24.4,24.85,24.85
2013-07-23,25.95,26.4,25.5,25.65,25.6
2013-07-22,26.3,26.5,25.5,25.95,25.8
2013-07-19,26.95,27.1,26.15,26.35,26.25
2013-07-18,26.5,27.3,26.05,26.5,26.6
2013-07-17,26.8,27.5,24.75,25.2,25.15
2013-07-16,28.3,28.3,26.5,26.75,26.65
2013-07-15,28.35,29.4,27.6,29.0,29.1
2013-07-12,30.0,30.25,28.1,28.3,28.35
2013-07-11,27.6,30.55,27.5,29.9,29.85
2013-07-10,27.45,27.45,26.8,27.15,27.2
2013-07-09,26.95,27.5,26.6,27.1,27.05
2013-07-08,26.4,28.45,23.0,26.55,26.55
2013-07-05,27.5,27.6,26.5,26.55,26.6
2013-07-04,26.5,27.9,26.35,26.85,26.95
2013-07-03,27.0,27.0,26.0,26.25,26.1
2013-07-02,27.4,30.35,26.95,27.4,27.3
2013-07-01,24.7,27.9,24.0,27.4,27.4
2013-06-28,22.5,24.6,22.2,24.6,24.35
2013-06-27,20.95,22.3,20.95,22.2,21.9
2013-06-26,22.25,22.45,20.55,20.6,20.8
2013-06-25,22.25,22.95,21.85,22.1,22.15
2013-06-24,24.1,24.15,21.8,22.15,22.15
2013-06-21,26.8,27.6,23.4,23.6,23.9
2013-06-20,28.2,28.2,26.65,27.45,27.1
2013-06-19,28.2,28.8,28.2,28.35,28.35
2013-06-18,28.5,28.9,28.25,28.4,28.35
2013-06-17,29.0,29.0,28.25,28.5,28.45
2013-06-14,29.0,29.2,28.7,28.9,28.85
2013-06-13,28.65,29.5,28.2,28.4,28.45
2013-06-12,29.1,29.4,28.0,29.1,28.75
2013-06-11,29.3,29.3,28.05,28.7,28.55
2013-06-10,31.0,31.25,29.05,29.25,29.15
2013-06-07,30.5,30.9,30.3,30.3,30.4
2013-06-06,30.35,31.1,30.2,30.45,30.5
2013-06-05,31.0,31.2,30.15,30.4,30.4
2013-06-04,31.1,31.4,30.55,31.15,31.05
2013-06-03,31.45,31.95,30.25,30.5,30.45
2013-05-31,31.05,32.15,31.05,31.4,31.3
2013-05-30,31.6,31.95,30.95,31.4,31.3
2013-05-29,32.4,32.4,31.1,31.5,31.5
2013-05-28,32.1,32.75,32.0,32.2,32.2
2013-05-27,32.1,32.5,31.4,32.2,32.25
2013-05-24,31.9,32.5,31.0,32.2,31.9
2013-05-23,35.3,36.0,30.9,31.0,31.3
2013-05-22,35.75,36.4,33.6,34.2,34.15
2013-05-21,36.2,36.25,34.55,35.3,35.1
2013-05-20,37.0,37.4,35.6,36.15,36.0
2013-05-17,36.3,37.25,35.4,37.0,36.65
2013-05-16,36.8,36.9,35.85,35.9,36.15
2013-05-15,34.35,36.9,34.2,36.45,36.45
2013-05-14,34.2,34.6,33.75,34.15,34.0
2013-05-13,35.9,36.2,34.0,34.25,34.25
2013-05-11,34.4,35.8,34.4,35.65,35.6
2013-05-10,33.0,35.2,32.8,35.0,34.85
2013-05-09,34.1,34.1,33.0,33.2,33.1
2013-05-08,33.8,34.25,33.4,33.8,33.8
2013-05-07,32.9,34.15,32.9,33.4,33.4
2013-05-06,32.7,33.45,32.2,32.95,32.9
2013-05-03,34.2,34.4,32.4,32.7,32.6
2013-05-02,31.3,34.65,31.0,34.05,33.85
2013-04-30,32.0,32.35,30.55,31.1,30.95
2013-04-29,31.75,32.45,31.7,31.7,31.8
2013-04-26,33.3,33.6,31.55,31.95,31.9
2013-04-25,33.6,34.2,32.8,33.0,33.0
2013-04-23,33.75,34.6,33.2,33.4,33.45
2013-04-22,33.4,33.7,32.55,33.45,33.4
2013-04-18,32.4,32.9,32.1,32.55,32.6
2013-04-17,31.65,33.25,31.3,32.5,32.55
2013-04-16,30.7,31.4,30.45,31.25,31.2
2013-04-15,29.9,31.35,29.75,30.55,30.55
2013-04-12,29.95,30.15,29.2,30.0,29.9
2013-04-11,30.9,30.9,29.6,30.05,29.9
2013-04-10,30.5,31.0,30.0,30.4,30.5
2013-04-09,31.45,31.55,29.85,30.25,30.15
2013-04-08,31.75,32.1,30.65,31.05,30.9
2013-04-05,32.4,32.7,31.1,31.4,31.55
2013-04-04,33.15,33.9,32.6,32.85,32.75
2013-04-03,35.0,36.7,33.65,34.0,33.95
2013-04-02,35.1,36.2,35.0,35.45,35.4
2013-04-01,33.1,35.2,33.1,34.6,34.75
2013-03-28,32.7,34.0,31.8,32.7,33.2
2013-03-26,33.3,33.35,32.55,32.95,32.95
2013-03-25,35.75,35.8,33.0,33.0,33.3
2013-03-22,35.2,35.65,33.0,34.4,34.75
2013-03-21,36.7,37.0,34.25,34.75,34.65
2013-03-20,37.65,38.25,35.85,36.3,36.15
2013-03-19,39.55,39.95,37.5,37.95,37.85
2013-03-18,41.95,42.2,39.1,39.25,39.35
2013-03-15,38.85,43.5,38.15,41.7,42.05
2013-03-14,38.85,39.0,37.6,38.8,38.75
2013-03-13,39.5,39.6,38.35,38.5,38.85
2013-03-12,39.4,41.9,39.05,39.3,39.25
2013-03-11,38.55,39.4,38.15,38.95,38.85
2013-03-08,38.4,38.95,37.75,37.9,38.05
2013-03-07,37.95,38.55,37.3,37.95,37.75
2013-03-06,36.9,39.0,36.9,37.85,37.9
2013-03-05,36.15,36.95,35.9,36.4,36.5
2013-03-04,37.05,37.5,35.35,35.5,35.65
2013-03-01,37.25,38.45,36.85,37.1,37.35
2013-02-28,39.7,40.5,37.0,37.65,37.6
2013-02-27,38.5,39.45,36.75,39.15,39.05
2013-02-26,38.4,38.85,36.5,37.15,37.1
2013-02-25,40.65,41.25,37.6,38.05,38.2
2013-02-22,43.0,43.5,39.8,40.85,40.65
2013-02-21,42.1,42.6,40.3,40.35,40.5
2013-02-20,42.95,43.5,42.5,43.0,43.05
2013-02-19,41.2,42.9,40.75,42.8,42.55
2013-02-18,41.25,41.8,40.55,41.05,40.85
2013-02-15,38.5,40.95,36.45,40.2,40.55
2013-02-14,42.1,43.0,39.6,40.25,40.4
2013-02-13,43.45,43.45,41.65,43.1,43.0
2013-02-12,41.3,42.2,39.4,42.1,41.25
2013-02-11,41.95,42.3,40.5,40.9,40.9
2013-02-08,42.95,43.7,40.35,41.2,40.9
2013-02-07,42.8,43.7,41.7,42.45,42.2
2013-02-06,44.85,44.85,42.5,42.75,42.9
2013-02-05,44.5,45.25,44.0,44.05,44.25
2013-02-04,47.25,47.6,44.7,44.95,45.6
2013-02-01,46.85,48.0,46.2,46.65,46.85
2013-01-31,47.2,48.1,45.6,46.55,46.85
2013-01-30,50.7,51.3,45.2,47.75,47.2
2013-01-29,51.7,53.15,49.75,50.0,50.6
2013-01-28,52.95,53.5,51.2,51.75,51.75
2013-01-25,49.5,53.5,49.5,52.7,52.75
2013-01-24,52.8,54.25,49.25,50.4,50.0
2013-01-23,54.95,55.75,51.85,52.6,52.5
2013-01-22,57.0,57.3,54.1,54.6,54.45
2013-01-21,56.1,58.55,55.6,56.75,56.9
2013-01-18,55.8,57.4,55.7,56.8,56.75
2013-01-17,55.95,57.5,55.0,55.3,55.25
2013-01-16,58.25,58.45,55.0,55.25,55.55
2013-01-15,58.9,59.3,56.1,58.5,58.65
2013-01-14,55.0,59.0,52.8,58.7,58.35
2013-01-11,58.2,58.2,54.7,54.9,55.0
2013-01-10,59.15,59.6,56.25,57.5,57.15
2013-01-09,60.4,60.4,58.4,58.85,58.85
2013-01-08,59.0,60.9,57.65,59.8,59.9
2013-01-07,60.95,61.0,58.8,59.0,59.15
2013-01-04,59.5,61.45,58.4,60.45,60.55
2013-01-03,57.2,59.75,56.3,59.7,59.5
2013-01-02,58.8,59.2,56.2,56.5,56.5
2013-01-01,58.5,59.5,58.0,58.1,58.2
2012-12-31,56.2,58.25,55.0,57.7,57.65
2012-12-28,52.45,55.95,52.4,55.9,55.25
2012-12-27,54.15,54.2,51.6,52.25,52.45
2012-12-26,56.0,56.0,53.2,53.3,53.7
2012-12-24,54.95,55.35,53.35,54.85,54.7
2012-12-21,55.55,56.05,54.0,54.25,54.4
2012-12-20,55.6,56.85,53.9,56.5,56.3
2012-12-19,54.85,55.95,53.2,55.3,55.35
2012-12-18,52.25,54.9,50.25,54.7,54.3
2012-12-17,51.3,52.65,50.95,52.0,51.85
2012-12-14,48.5,51.4,48.05,51.2,50.65
2012-12-13,48.6,49.65,47.55,47.9,47.9
2012-12-12,48.45,48.8,47.8,48.6,48.5
2012-12-11,48.0,49.2,46.85,48.05,48.05
2012-12-10,48.7,49.1,47.6,48.0,47.9
2012-12-07,50.0,50.4,47.5,48.5,48.2
2012-12-06,49.0,50.8,48.6,49.85,49.65
2012-12-05,48.8,50.4,48.1,48.25,48.35
2012-12-04,49.7,49.95,47.8,48.6,48.4
2012-12-03,48.9,49.4,48.0,49.25,49.0
2012-11-30,47.9,49.25,46.75,47.55,47.75
2012-11-29,43.5,47.95,43.4,47.85,47.6
2012-11-27,43.15,44.3,42.85,43.25,43.3
2012-11-26,42.4,43.3,41.6,42.35,42.7
2012-11-23,42.45,42.5,41.45,41.8,41.85
2012-11-22,41.75,42.9,41.6,42.3,42.15
2012-11-21,41.15,42.35,41.0,41.5,41.55
2012-11-20,43.05,43.45,40.7,41.0,41.0
2012-11-19,43.7,43.75,42.1,42.7,42.85
2012-11-16,43.9,45.4,42.95,43.2,43.3
2012-11-15,43.6,44.3,42.2,43.6,43.65
2012-11-13,42.7,43.85,41.0,43.0,43.0
2012-11-12,42.4,42.85,40.55,40.95,40.85
2012-11-09,44.1,45.85,42.0,42.45,42.2
2012-11-08,44.4,45.25,43.35,44.55,44.6
2012-11-07,45.9,46.9,45.1,45.2,45.4
2012-11-06,44.1,45.65,43.95,45.2,45.2
2012-11-05,44.3,45.5,43.75,43.75,44.25
2012-11-02,45.45,47.05,44.7,45.15,45.1
2012-11-01,43.85,45.25,43.5,44.65,44.95
2012-10-31,41.6,43.8,41.6,43.8,43.5
2012-10-30,45.95,45.95,41.75,42.0,41.95
2012-10-29,45.55,45.9,44.6,45.0,45.2
2012-10-26,46.45,47.25,45.1,45.15,45.3
2012-10-25,48.7,48.75,45.25,46.6,46.25
2012-10-23,47.8,49.65,46.8,47.9,48.0
2012-10-22,47.6,48.65,46.5,47.3,47.45
2012-10-19,48.2,49.8,42.6,47.6,47.7
2012-10-18,48.5,50.1,46.6,49.75,49.8
2012-10-17,50.9,51.05,47.5,47.8,48.25
2012-10-16,50.6,52.4,49.3,49.8,49.9
2012-10-15,51.2,51.5,50.1,50.4,50.55
2012-10-12,51.5,52.7,50.45,51.1,51.2
2012-10-11,48.9,53.0,47.5,51.9,51.8
2012-10-10,52.25,52.65,48.65,48.9,49.0
2012-10-09,53.0,54.25,50.05,52.8,52.95
2012-10-08,52.0,53.9,51.5,52.7,53.0
2012-10-05,51.5,52.65,49.8,51.8,51.75
2012-10-04,50.25,53.1,50.25,51.8,51.7
2012-10-03,49.25,49.95,48.45,49.85,49.6
2012-10-01,47.6,49.4,47.4,48.65,48.55
2012-09-28,45.7,48.0,45.55,46.95,46.9
2012-09-27,45.55,45.8,45.05,45.5,45.55
2012-09-26,46.35,46.35,44.05,44.7,44.9
2012-09-25,45.2,48.1,44.0,46.25,46.35
2012-09-24,45.7,46.8,44.95,45.4,45.35
2012-09-21,41.45,46.8,40.75,45.05,45.6
2012-09-20,42.0,42.0,40.0,40.5,40.8
2012-09-18,41.25,43.85,40.1,43.0,43.2
2012-09-17,34.75,41.45,34.1,41.0,40.95
2012-09-14,32.6,34.1,32.5,34.1,33.8
2012-09-13,32.65,32.9,31.2,31.8,32.05
2012-09-12,32.55,33.6,32.45,32.9,32.75
2012-09-11,32.5,32.65,32.0,32.35,32.35
2012-09-10,33.15,33.6,32.3,32.55,32.5
2012-09-08,32.85,33.2,32.85,33.2,33.05
2012-09-07,38.8,38.8,32.75,32.9,32.85
2012-09-06,32.55,32.95,32.2,32.35,32.35
2012-09-05,32.9,33.4,32.35,32.6,32.55
2012-09-04,32.75,33.25,31.85,32.95,32.95
2012-09-03,36.5,36.5,32.5,32.6,32.75
2012-08-31,33.55,34.9,33.1,33.35,33.25
2012-08-30,32.6,34.5,32.15,33.45,33.55
2012-08-29,34.0,34.25,32.55,32.85,32.85
2012-08-28,35.0,35.55,33.3,33.95,34.05
2012-08-27,36.75,37.2,34.65,35.0,34.95
2012-08-24,37.35,37.75,36.55,36.65,36.7
2012-08-23,39.6,40.0,37.5,37.7,37.7
2012-08-22,41.0,41.0,37.35,39.6,39.2
2012-08-21,40.05,41.0,39.5,40.75,40.8
2012-08-17,41.7,42.3,39.9,40.45,40.45
2012-08-16,40.95,42.1,40.95,41.6,41.45
2012-08-14,41.35,41.45,40.4,40.85,40.95
2012-08-13,40.05,41.35,39.8,41.3,41.15
2012-08-10,39.7,40.4,39.1,40.4,40.15
2012-08-09,38.85,39.65,36.5,39.6,39.15
2012-08-08,40.75,41.45,38.1,38.1,38.55
2012-08-07,39.25,40.7,38.75,40.35,40.2
2012-08-06,38.85,39.6,38.6,38.9,38.8
2012-08-03,38.85,39.5,37.35,38.2,38.3
2012-08-02,38.7,39.6,38.25,39.4,39.3
2012-08-01,37.1,38.6,37.1,38.3,38.05
2012-07-31,37.95,38.65,36.85,37.35,37.5
2012-07-30,36.2,37.95,35.45,37.7,37.6
2012-07-27,37.1,38.1,35.1,36.0,35.6
2012-07-26,35.8,37.8,35.7,36.1,36.25
2012-07-25,38.45,38.45,37.45,37.55,37.7
2012-07-24,39.4,39.4,38.2,38.45,38.65
2012-07-23,39.6,40.15,38.5,38.75,38.95
2012-07-20,41.05,41.05,39.9,40.2,40.15
2012-07-19,41.4,42.0,40.5,40.9,40.8
2012-07-18,40.5,41.3,39.2,40.8,40.85
2012-07-17,41.0,43.8,40.1,40.25,40.4
2012-07-16,42.3,42.55,40.1,40.45,40.45
2012-07-13,42.35,43.15,41.1,42.25,42.3
2012-07-12,42.5,42.9,41.4,42.1,42.45
2012-07-11,43.9,44.5,42.9,43.1,43.15
2012-07-10,43.0,44.35,42.5,44.0,44.1
2012-07-09,42.75,44.4,41.3,42.9,43.05
2012-07-06,42.8,45.3,42.8,43.3,43.25
2012-07-05,45.0,45.6,44.2,45.0,45.05
2012-07-04,44.75,46.05,43.9,44.8,45.0
2012-07-03,46.5,46.85,43.65,44.8,44.65
2012-07-02,45.6,47.2,45.0,46.5,46.3
2012-06-29,41.8,46.1,41.55,45.25,45.4
2012-06-28,42.1,42.1,39.75,40.0,40.05
2012-06-27,41.0,41.3,40.0,40.15,40.15
2012-06-26,39.7,41.35,39.6,40.3,40.1
2012-06-25,41.15,41.8,39.7,39.9,39.85
2012-06-22,42.1,43.7,40.3,40.55,40.65
2012-06-21,38.8,42.95,38.15,42.7,42.6
2012-06-20,37.9,39.1,37.3,38.95,38.8
2012-06-19,35.5,37.4,35.5,37.35,37.15
2012-06-18,38.0,38.35,35.15,36.2,35.8
2012-06-15,37.0,37.9,36.4,37.4,37.35
2012-06-14,37.0,37.7,36.15,36.7,36.85
2012-06-13,33.75,37.15,33.75,36.65,36.75
2012-06-12,33.7,34.35,32.5,33.8,33.65
2012-06-11,33.95,36.5,33.25,33.7,34.2
2012-06-08,32.7,33.9,31.85,33.85,33.8
2012-06-07,31.85,32.95,31.55,32.55,32.6
2012-06-06,31.0,31.9,30.85,31.3,31.4
2012-06-05,30.0,31.65,30.0,30.5,30.45
2012-06-04,29.3,30.1,28.1,29.9,29.65
2012-06-01,30.75,30.9,29.35,29.45,29.55
2012-05-31,30.5,31.0,30.0,30.7,30.6
2012-05-30,32.4,32.5,30.3,30.45,30.5
2012-05-29,32.8,32.95,31.6,31.8,31.9
2012-05-28,31.1,32.65,31.0,32.45,32.45
2012-05-25,31.0,31.6,30.35,31.0,31.1
2012-05-24,31.35,31.6,30.5,31.1,30.95
2012-05-23,31.3,31.75,30.9,31.4,31.35
2012-05-22,33.25,33.55,31.15,31.3,31.35
2012-05-21,31.8,33.4,31.75,32.3,32.25
2012-05-18,32.2,32.5,31.4,31.8,31.8
2012-05-17,33.2,33.95,32.25,32.3,32.4
2012-05-16,32.8,33.95,32.25,32.65,32.9
2012-05-15,33.75,34.1,32.1,34.0,33.45
2012-05-14,35.9,36.4,33.7,33.7,34.0
2012-05-11,37.0,37.5,35.4,35.5,35.75
2012-05-10,38.45,39.3,35.7,37.5,37.1
2012-05-09,40.0,41.1,38.0,38.2,38.25
2012-05-08,43.8,44.4,40.05,40.25,40.75
2012-05-07,42.8,43.6,40.6,43.15,43.1
2012-05-04,43.1,44.5,42.15,42.5,42.75
2012-05-03,47.9,48.4,43.15,44.0,43.6
2012-05-02,51.15,51.5,47.1,47.35,47.35
2012-04-30,51.0,51.6,49.65,50.2,50.15
2012-04-28,51.4,52.0,50.25,50.7,50.8
2012-04-27,49.6,52.45,48.0,50.15,50.0
2012-04-26,51.1,51.75,49.6,50.2,49.95
2012-04-25,52.75,53.75,50.3,50.85,50.95
2012-04-24,55.45,55.45,52.25,52.7,52.9
2012-04-23,56.9,57.45,53.2,54.7,54.6
2012-04-20,56.3,58.4,54.9,56.9,56.4
2012-04-19,59.0,59.0,55.95,57.05,56.6
2012-04-18,56.25,61.0,56.05,58.15,58.55
2012-04-17,55.0,55.9,53.15,55.65,55.15
2012-04-16,54.15,56.2,53.15,54.15,53.85
2012-04-13,57.2,58.95,54.1,54.75,54.7
2012-04-12,52.75,57.5,52.0,57.0,56.65
2012-04-11,53.2,55.3,52.5,53.3,53.2
2012-04-10,55.8,56.3,52.5,53.55,53.65
2012-04-09,56.95,57.5,54.6,55.05,55.15
2012-04-04,56.0,57.85,55.65,57.2,57.0
2012-04-03,55.15,57.9,54.85,56.4,56.3
2012-04-02,56.4,56.8,53.85,55.0,54.45
2012-03-30,51.6,57.5,50.65,55.5,56.35
2012-03-29,46.8,51.8,46.2,51.75,51.25
2012-03-28,47.1,48.4,46.2,46.6,46.9
2012-03-27,48.75,48.9,46.05,46.5,46.4
2012-03-26,50.25,50.9,46.8,47.7,47.4
2012-03-23,51.9,52.15,49.5,50.05,50.05
2012-03-22,53.05,54.75,49.9,50.75,50.6
2012-03-21,52.0,53.9,51.65,53.35,53.3
2012-03-20,50.45,53.0,49.05,51.7,52.0
2012-03-19,56.0,56.0,49.0,50.8,50.9
2012-03-16,58.5,58.5,53.5,53.8,54.3
2012-03-15,60.3,60.3,56.25,57.1,57.2
2012-03-14,61.0,61.2,59.0,59.6,59.6
2012-03-13,60.8,61.25,58.65,59.75,60.0
2012-03-12,59.7,60.45,58.95,59.55,59.95
2012-03-09,57.85,59.15,57.4,58.6,58.7
2012-03-07,55.0,59.45,54.2,55.85,56.95
2012-03-06,57.5,61.5,54.2,54.9,55.65
2012-03-05,68.1,68.1,58.25,59.25,59.8
2012-03-03,61.7,61.7,59.65,59.75,59.9
2012-03-02,59.2,61.85,58.55,60.55,61.0
2012-03-01,59.35,59.9,56.5,58.95,59.1
2012-02-29,56.95,60.45,55.4,59.7,59.65
2012-02-28,53.6,57.15,52.45,56.5,56.45
2012-02-27,54.5,55.75,51.85,52.8,52.7
2012-02-24,57.9,58.55,53.4,55.5,55.3
2012-02-23,59.9,59.9,55.05,57.2,57.2
2012-02-22,64.45,64.75,58.4,59.6,59.75
2012-02-21,64.0,65.0,62.75,64.0,64.4
2012-02-17,61.0,66.65,60.85,63.45,63.45
2012-02-16,61.3,61.45,59.8,60.0,60.25
2012-02-15,63.0,64.3,60.75,61.85,61.75
2012-02-14,58.2,63.2,57.6,62.2,62.2
2012-02-13,54.4,57.85,52.2,57.5,57.45
2012-02-10,53.3,55.6,51.05,53.0,53.25
2012-02-09,51.2,54.5,51.15,54.15,54.1
2012-02-08,52.05,54.35,50.9,52.0,51.55
2012-02-07,55.5,60.5,50.05,52.1,51.95
2012-02-06,62.6,63.8,60.5,61.65,61.6
2012-02-03,61.05,62.35,59.55,61.8,61.85
2012-02-02,60.5,62.2,58.3,60.05,60.25
2012-02-01,57.45,59.85,55.6,59.4,59.15
2012-01-31,52.05,57.2,52.05,57.15,56.9
2012-01-30,53.65,56.9,51.75,52.95,52.8
2012-01-27,54.45,57.9,52.85,56.05,56.85
2012-01-25,55.9,57.3,54.0,55.0,54.9
2012-01-24,50.0,55.35,50.0,54.5,54.5
2012-01-23,48.0,51.45,48.0,49.9,49.75
2012-01-20,45.25,49.4,45.25,49.1,48.8
2012-01-19,44.0,46.45,44.0,45.65,45.9
2012-01-18,45.95,46.0,42.65,43.95,43.45
2012-01-17,45.5,46.3,44.65,45.6,45.5
2012-01-16,43.0,44.75,41.55,44.3,44.4
2012-01-13,43.0,44.3,42.05,43.45,42.9
2012-01-12,40.25,42.4,39.1,42.35,42.05
2012-01-11,38.5,41.0,35.8,39.5,40.15
2012-01-10,37.5,38.9,37.5,38.5,38.45
2012-01-09,35.8,37.5,34.55,36.6,36.75
2012-01-07,36.0,36.0,34.6,35.05,35.25
2012-01-06,34.9,35.6,33.9,35.25,35.3
2012-01-05,35.95,36.45,34.1,34.1,34.4
2012-01-04,37.25,37.25,35.45,35.6,35.85
2012-01-03,34.4,37.1,34.0,36.8,36.9
2012-01-02,33.8,34.45,33.15,34.3,34.1
2011-12-30,33.0,34.05,31.15,33.65,33.45
2011-12-29,32.35,34.35,32.0,32.8,32.7
2011-12-28,34.5,34.5,32.25,32.65,32.5
2011-12-27,35.75,35.8,33.45,34.1,33.95
2011-12-26,36.0,36.0,34.8,35.15,35.05
2011-12-23,36.6,37.15,35.1,35.5,35.35
2011-12-22,35.95,37.15,35.2,36.05,36.15
2011-12-21,36.1,36.75,35.05,36.0,36.0
2011-12-20,35.9,37.6,34.35,35.2,34.75
2011-12-19,35.4,35.9,32.9,35.05,34.7
2011-12-16,37.1,38.05,34.6,35.85,35.35
2011-12-15,35.75,37.35,35.75,37.2,36.9
2011-12-14,38.5,40.7,36.5,37.1,36.85
2011-12-13,38.15,38.5,37.6,38.5,38.0
2011-12-12,39.0,39.15,37.75,37.8,38.2
2011-12-09,39.15,39.15,37.6,38.25,38.25
2011-12-08,42.0,42.0,37.8,38.9,39.15
2011-12-07,39.15,43.2,39.15,41.85,42.1
2011-12-05,40.3,40.3,38.75,39.9,39.65
2011-12-02,38.5,41.4,37.1,40.15,40.3
2011-12-01,38.55,39.7,37.1,37.5,37.75
2011-11-30,38.05,39.2,36.85,37.25,37.15
2011-11-29,42.7,42.7,38.1,39.0,39.0
2011-11-28,37.5,40.35,37.5,40.25,39.85
2011-11-25,36.5,38.6,36.1,37.5,37.15
2011-11-24,37.3,37.5,35.5,37.0,36.65
2011-11-23,39.0,39.0,36.5,37.0,37.3
2011-11-22,39.05,39.5,38.0,39.0,38.7
2011-11-21,40.25,40.7,38.0,38.2,38.85
2011-11-18,41.0,42.05,37.7,40.55,39.95
2011-11-17,44.5,45.3,41.0,41.65,41.45
2011-11-16,45.05,45.85,42.8,44.95,44.15
2011-11-15,47.85,48.0,44.25,44.65,45.05
2011-11-14,51.5,51.95,45.5,46.3,47.25
2011-11-11,52.7,52.7,50.1,50.5,50.4
2011-11-09,55.9,55.9,51.8,52.0,52.55
2011-11-08,53.45,56.6,52.8,54.65,54.75
2011-11-04,52.7,53.95,50.5,53.2,52.6
2011-11-03,53.4,53.95,52.4,52.75,52.7
2011-11-02,51.5,53.45,50.3,53.2,53.0
2011-11-01,53.8,54.0,51.7,52.0,51.95
2011-10-31,54.8,55.75,52.85,52.9,53.25
2011-10-28,54.0,55.9,54.0,54.3,54.45
2011-10-26,52.0,53.4,51.75,53.1,53.2
2011-10-25,52.05,52.6,50.65,51.35,51.35
2011-10-24,54.95,55.4,51.6,52.0,52.4
2011-10-21,54.4,55.1,53.8,54.15,54.05
2011-10-20,56.3,56.3,54.0,54.0,54.4
2011-10-19,56.7,57.25,55.55,56.0,56.25
2011-10-18,55.95,56.7,54.1,56.45,55.95
2011-10-17,57.2,57.8,55.85,55.9,56.25
2011-10-14,56.25,57.0,55.35,56.9,56.85
2011-10-13,56.7,58.2,56.25,56.4,56.55
2011-10-12,56.65,57.3,55.5,56.6,56.65
2011-10-11,57.3,58.5,55.85,56.45,56.3
2011-10-10,57.0,58.4,55.6,56.6,56.9
2011-10-07,58.6,60.3,57.5,57.55,57.8
2011-10-05,56.8,58.2,56.25,57.75,57.7
2011-10-04,56.0,58.1,55.2,55.9,55.85
2011-10-03,64.7,64.7,56.15,56.35,56.75
2011-09-30,62.85,63.4,59.8,60.3,60.35
2011-09-29,63.8,64.05,61.65,62.5,62.85
2011-09-28,64.1,64.4,60.2,62.4,62.65
2011-09-27,62.05,64.8,61.5,64.0,63.65
2011-09-26,65.3,65.5,59.8,60.0,61.4
2011-09-23,66.0,66.9,63.6,65.45,65.7
2011-09-22,70.0,71.15,66.0,66.7,66.95
2011-09-21,69.9,72.6,69.0,72.1,71.75
2011-09-20,71.0,71.35,68.3,68.45,68.85
2011-09-19,68.7,73.75,67.65,71.85,71.35
2011-09-16,67.9,70.95,65.3,70.8,69.8
2011-09-15,65.25,66.8,64.8,66.35,66.45
2011-09-14,65.75,66.65,63.0,65.6,65.2
2011-09-13,63.2,66.75,61.0,66.5,64.55
2011-09-12,65.0,69.0,61.45,62.5,63.15
2011-09-09,66.0,67.4,65.0,66.25,66.3
2011-09-08,65.4,66.7,63.55,65.75,65.95
2011-09-07,61.5,68.3,61.5,64.5,64.9
2011-09-06,61.05,61.6,58.2,61.0,61.2
2011-09-05,59.1,61.75,56.25,61.0,61.1
2011-09-02,55.0,59.0,54.2,56.5,56.85
2011-08-30,54.7,55.85,53.4,53.85,53.95
2011-08-29,53.6,55.9,53.1,53.55,53.6
2011-08-26,53.75,53.75,51.5,52.5,52.3
2011-08-25,55.15,55.8,52.65,53.35,53.2
2011-08-24,54.25,57.25,53.7,54.4,54.85
2011-08-23,57.55,57.55,53.7,55.5,55.65
2011-08-22,57.5,59.55,55.3,57.25,57.05
2011-08-19,54.25,57.95,52.0,57.05,56.05
2011-08-18,56.2,57.55,54.2,54.7,55.4
2011-08-17,54.15,57.4,53.5,56.5,56.4
2011-08-16,62.6,62.85,53.0,54.3,54.6
2011-08-12,68.4,68.9,62.0,62.5,62.5
2011-08-11,62.2,68.4,62.2,67.6,67.05
2011-08-10,63.4,66.55,63.4,65.7,65.35
2011-08-09,62.5,65.2,60.1,63.25,63.35
2011-08-08,63.0,66.5,63.0,64.05,65.5
2011-08-05,65.0,68.85,60.3,67.6,67.6
2011-08-04,68.95,71.55,66.7,66.95,67.35
2011-08-03,67.55,69.25,65.1,69.0,68.6
2011-08-02,70.95,70.95,67.75,68.35,68.3
2011-08-01,73.8,73.8,66.9,70.0,70.35
2011-07-29,73.0,74.9,70.25,73.0,72.85
2011-07-28,74.45,75.85,72.85,73.4,73.35
2011-07-27,77.85,78.9,74.55,75.85,76.55
2011-07-26,80.0,80.45,76.4,76.5,77.3
2011-07-25,78.2,80.85,77.95,79.25,79.45
2011-07-22,82.0,82.0,79.15,79.7,79.5
2011-07-21,83.6,83.6,78.5,79.15,79.65
2011-07-20,84.25,85.45,83.4,83.4,83.7
2011-07-19,84.1,84.95,83.4,84.2,84.0
2011-07-18,81.0,84.4,80.1,83.95,83.55
2011-07-15,80.1,81.9,80.1,80.5,80.65
2011-07-14,80.2,81.9,79.6,80.5,80.75
2011-07-13,81.25,81.9,79.7,80.4,80.2
2011-07-12,82.8,83.55,79.9,80.75,81.1
2011-07-11,83.5,84.5,82.1,84.0,83.95
2011-07-08,83.6,85.75,82.45,83.5,83.45
2011-07-07,83.0,85.0,82.6,83.9,83.75
2011-07-06,83.5,83.8,82.0,83.0,83.05
2011-07-05,85.5,85.8,81.8,82.8,83.45
2011-07-04,81.85,85.75,81.8,85.3,85.1
2011-07-01,82.0,84.3,80.55,81.0,81.0
2011-06-30,81.3,82.2,79.8,81.0,81.2
2011-06-29,79.1,81.3,78.15,81.0,80.2
2011-06-28,79.8,79.8,77.7,78.05,78.35
2011-06-27,77.95,79.5,76.65,78.8,79.0
2011-06-24,77.15,81.4,74.6,76.75,78.3
2011-06-23,79.45,79.45,76.55,76.9,77.35
2011-06-22,79.95,81.3,77.65,78.3,79.45
2011-06-21,80.05,81.95,77.3,78.35,78.3
2011-06-20,83.0,83.05,77.4,79.4,79.95
2011-06-17,83.15,85.2,81.1,83.0,82.95
2011-06-16,82.5,85.45,82.3,84.05,84.25
2011-06-15,84.15,84.8,83.8,84.0,84.2
2011-06-14,86.0,86.0,84.25,85.0,84.7
2011-06-13,84.9,85.8,83.25,84.65,84.75
2011-06-10,85.8,85.8,84.25,84.4,84.75
2011-06-09,85.75,86.2,84.55,85.1,85.1
2011-06-08,85.05,87.15,84.5,85.4,85.3
2011-06-07,84.0,86.75,83.2,85.5,85.45
2011-06-06,84.1,85.4,83.1,83.6,83.55
2011-06-03,88.0,88.5,84.0,84.2,84.8
2011-06-02,85.8,88.0,84.65,86.4,87.1
2011-06-01,85.8,87.4,85.55,86.65,86.8
2011-05-31,84.9,87.7,83.05,86.1,85.8
2011-05-30,89.0,89.3,79.3,83.1,83.45
2011-05-27,86.9,89.5,85.55,86.6,86.4
2011-05-26,82.8,87.25,82.5,86.05,86.15
2011-05-25,86.15,86.4,81.4,82.5,82.8
2011-05-24,83.0,87.45,82.35,85.5,85.3
2011-05-23,88.0,88.35,85.65,86.2,86.65
2011-05-20,86.85,89.5,86.85,88.4,88.75
2011-05-19,90.0,92.4,84.6,87.3,86.85
2011-05-18,94.55,96.0,89.5,90.3,90.35
2011-05-17,96.8,97.7,94.55,95.0,95.2
2011-05-16,97.0,97.1,94.8,96.6,96.8
2011-05-13,95.45,97.9,94.75,97.0,96.7
2011-05-12,97.0,97.7,94.55,95.25,95.45
2011-05-11,96.7,98.65,92.25,96.6,97.0
2011-05-10,100.15,103.15,96.7,97.2,97.4
2011-05-09,100.9,101.7,97.1,101.5,99.0
2011-05-06,99.2,102.0,97.8,100.0,100.2
2011-05-05,100.1,100.8,96.7,98.6,97.7
2011-05-04,96.9,99.85,94.1,99.0,99.0
2011-05-03,100.1,100.85,95.7,98.1,98.0
2011-05-02,104.5,104.5,98.95,99.8,99.8
2011-04-29,104.05,105.0,99.3,102.3,102.2
2011-04-28,108.7,108.75,103.5,104.25,104.0
2011-04-27,108.0,108.7,107.1,107.5,107.55
2011-04-26,107.65,111.4,105.15,107.65,107.35
2011-04-25,111.45,111.45,108.0,109.7,109.5
2011-04-21,112.0,113.5,109.85,110.3,110.15
2011-04-20,113.45,113.45,110.0,111.3,111.45
2011-04-19,109.1,111.8,107.35,111.8,110.95
2011-04-18,111.05,113.9,109.6,110.0,109.95
2011-04-15,111.5,112.8,109.2,112.1,111.75
2011-04-13,110.0,112.35,108.8,111.85,111.85
2011-04-11,112.0,112.8,108.7,110.35,110.0
2011-04-08,117.45,117.45,109.4,110.7,111.15
2011-04-07,115.0,116.6,113.7,115.5,116.0
2011-04-06,106.9,115.0,106.9,114.4,114.5
2011-04-05,109.0,110.9,106.5,108.1,108.55
2011-04-04,104.2,108.75,104.1,107.65,108.25
2011-04-01,102.3,104.9,101.0,104.3,104.45
2011-03-31,103.8,105.8,99.65,101.2,100.8
2011-03-30,101.35,103.65,100.05,102.8,103.0
2011-03-29,99.4,102.4,99.4,100.0,100.05
2011-03-28,95.7,99.95,95.7,99.7,99.2
2011-03-25,95.45,96.4,95.05,95.4,95.7
2011-03-24,93.65,97.0,93.65,94.5,94.75
2011-03-23,96.1,97.5,94.5,94.7,95.25
2011-03-22,96.4,99.0,94.7,96.75,97.5
2011-03-21,95.5,96.5,93.3,94.35,95.2
2011-03-18,96.6,96.6,94.35,95.5,96.15
2011-03-17,95.85,95.85,92.65,95.5,95.25
2011-03-16,97.5,99.0,94.95,95.1,96.35
2011-03-15,97.5,98.5,94.5,96.9,96.9
