Date,Open,High,Low,Close,Volume
Date,Open,High,Low,Last,Close
2016-08-26,182.65,183.4,180.2,180.4,180.8
2016-08-25,182.5,185.0,180.5,182.4,182.25
2016-08-24,182.3,183.0,181.1,182.2,182.3
2016-08-23,181.45,183.4,180.0,181.7,182.15
2016-08-22,181.45,182.8,180.75,181.7,181.95
2016-08-19,183.0,183.0,179.3,180.6,180.95
2016-08-18,177.0,183.2,176.25,182.65,182.0
2016-08-17,177.95,178.8,174.25,174.5,174.65
2016-08-16,178.8,183.1,176.25,176.9,177.5
2016-08-12,174.2,179.0,174.2,178.15,178.05
2016-08-11,174.1,176.55,172.45,173.9,174.05
2016-08-10,176.1,176.5,173.6,175.0,174.4
2016-08-09,178.5,179.65,175.5,175.85,176.1
2016-08-08,177.0,180.0,175.5,178.6,178.5
2016-08-05,179.0,181.2,176.05,176.65,176.5
2016-08-04,176.8,179.35,176.35,178.25,178.2
2016-08-03,179.0,179.1,173.7,175.4,175.9
2016-08-02,177.5,180.2,176.05,178.75,178.9
2016-08-01,176.0,179.9,175.65,178.0,177.2
2016-07-29,177.1,177.5,174.7,176.0,176.0
2016-07-28,172.9,178.85,172.15,177.7,176.2
2016-07-27,173.0,173.7,171.55,172.5,172.45
2016-07-26,169.25,173.0,167.2,172.7,171.4
2016-07-25,166.55,169.6,166.15,168.2,168.95
2016-07-22,163.5,168.05,162.85,167.55,166.35
2016-07-21,168.3,168.35,161.8,162.6,162.5
2016-07-20,167.0,170.0,166.9,167.9,168.35
2016-07-19,163.3,167.0,163.0,166.7,166.4
2016-07-18,164.6,165.8,162.6,163.15,163.2
2016-07-15,166.05,166.4,163.1,164.35,164.25
2016-07-14,162.55,165.6,161.9,165.45,165.05
2016-07-13,166.85,168.45,160.7,161.45,161.85
2016-07-12,167.0,169.0,166.05,166.55,166.6
2016-07-11,166.1,171.15,165.95,166.3,166.6
2016-07-08,163.5,165.4,161.6,164.0,164.45
2016-07-07,161.0,164.15,160.2,163.8,163.35
2016-07-05,165.3,165.8,160.8,161.05,161.25
2016-07-04,166.7,167.3,164.65,165.0,165.4
2016-07-01,164.0,166.4,163.0,164.9,165.15
2016-06-30,160.0,163.85,159.3,163.0,163.1
2016-06-29,155.8,160.35,155.55,159.0,159.25
2016-06-28,154.55,156.0,153.65,156.0,155.45
2016-06-27,153.05,157.0,153.0,153.7,154.0
2016-06-24,153.45,156.15,150.6,155.2,155.8
2016-06-23,155.5,157.85,152.85,156.3,156.65
2016-06-22,156.05,156.7,154.6,155.1,155.6
2016-06-21,156.55,157.3,155.05,155.7,156.0
2016-06-20,157.0,157.5,155.25,156.7,156.65
2016-06-17,155.0,157.95,152.9,157.15,157.05
2016-06-16,154.4,156.3,151.85,154.4,154.6
2016-06-15,151.15,154.75,151.15,154.6,154.4
2016-06-14,151.75,152.4,150.3,150.85,150.55
2016-06-13,153.75,153.75,151.35,151.75,151.8
2016-06-10,152.9,155.15,152.85,154.35,154.4
2016-06-09,152.7,154.45,152.35,153.0,152.8
2016-06-08,150.0,152.9,149.3,152.6,152.55
2016-06-07,149.4,150.95,149.25,150.0,149.9
2016-06-06,150.2,150.7,148.55,149.5,149.25
2016-06-03,150.6,150.85,149.25,150.1,150.4
2016-06-02,148.9,150.6,148.1,150.2,150.2
2016-06-01,150.6,150.6,148.4,149.2,148.9
2016-05-31,152.0,152.35,149.55,149.7,150.0
2016-05-30,151.1,152.95,149.35,152.0,151.75
2016-05-27,151.4,152.4,148.8,150.3,150.85
2016-05-26,150.0,151.4,148.6,150.55,150.6
2016-05-25,148.0,150.0,147.05,150.0,149.7
2016-05-24,149.0,149.25,146.2,146.5,146.7
2016-05-23,145.6,148.9,145.0,148.7,148.15
2016-05-20,144.6,145.15,143.7,145.0,144.8
2016-05-19,143.3,145.6,143.3,144.2,144.4
2016-05-18,144.0,144.9,142.7,143.4,143.05
2016-05-17,146.0,146.0,142.6,144.55,144.9
2016-05-16,144.95,145.9,143.0,144.85,144.45
2016-05-13,143.3,145.2,142.4,145.2,144.75
2016-05-12,141.9,144.35,141.2,143.75,143.9
2016-05-11,140.8,142.2,139.5,141.5,141.45
2016-05-10,143.15,143.75,141.0,142.1,141.85
2016-05-09,142.5,144.15,141.65,143.5,143.5
2016-05-06,143.15,143.35,140.5,142.55,142.45
2016-05-05,143.0,144.3,142.1,143.4,143.25
2016-05-04,144.8,145.1,142.0,142.5,142.75
2016-05-03,143.0,146.8,143.0,145.15,145.2
2016-05-02,143.0,144.0,141.6,142.95,142.85
2016-04-29,142.25,143.85,140.5,143.55,143.4
2016-04-28,144.2,145.45,141.35,143.1,141.85
2016-04-27,145.3,146.0,143.65,144.5,144.35
2016-04-26,144.45,146.25,143.05,144.95,145.15
2016-04-25,146.1,146.1,142.55,143.6,143.8
2016-04-22,146.3,147.3,144.3,146.15,146.05
2016-04-21,148.35,149.55,145.1,146.4,146.15
2016-04-20,145.7,149.9,145.15,148.0,148.0
2016-04-18,145.0,146.75,142.75,145.45,145.95
2016-04-13,144.35,145.35,143.9,144.9,145.0
2016-04-12,142.0,145.25,142.0,142.8,143.15
2016-04-11,140.65,142.95,140.55,142.0,142.25
2016-04-08,140.25,141.15,140.25,140.65,140.9
2016-04-07,140.65,140.9,139.6,140.25,140.2
2016-04-06,139.85,141.3,139.35,139.6,139.7
2016-04-05,139.8,140.8,138.7,138.95,139.05
2016-04-04,138.75,140.1,138.3,138.5,138.6
2016-04-01,139.8,140.0,138.1,138.15,138.3
2016-03-31,138.5,140.45,138.5,139.0,139.1
2016-03-30,138.9,140.35,138.35,139.8,139.75
2016-03-29,140.0,141.0,137.55,138.0,138.15
2016-03-28,137.9,140.0,136.5,139.9,139.1
2016-03-23,137.3,139.15,136.95,137.3,137.45
2016-03-22,138.0,139.35,137.5,138.0,138.2
2016-03-21,136.55,138.45,136.25,138.45,138.0
2016-03-18,138.5,139.1,136.5,136.8,136.85
2016-03-17,139.25,140.25,136.9,137.0,138.0
2016-03-16,139.4,140.0,137.5,138.5,138.75
2016-03-15,138.15,140.0,138.15,138.95,138.95
2016-03-14,138.6,139.0,137.7,138.6,138.6
2016-03-11,139.65,140.4,137.65,138.05,138.2
2016-03-10,140.1,140.9,138.1,139.6,139.65
2016-03-09,136.9,140.2,136.6,139.9,139.75
2016-03-08,139.5,139.7,136.1,138.0,137.7
2016-03-04,136.4,139.15,135.45,138.85,138.65
2016-03-03,136.5,136.9,134.05,135.4,135.65
2016-03-02,135.0,138.2,134.05,135.5,135.4
2016-03-01,131.0,134.35,130.25,133.15,133.75
2016-02-29,134.35,134.35,129.2,130.1,130.05
2016-02-26,133.5,135.9,132.0,133.55,133.65
2016-02-25,140.1,140.25,131.05,132.7,131.75
2016-02-24,138.0,141.0,137.65,140.0,139.7
2016-02-23,140.0,140.3,136.7,137.6,137.1
2016-02-22,141.0,141.5,138.35,139.5,139.65
2016-02-19,139.8,142.0,139.05,141.0,141.0
2016-02-18,140.1,141.75,139.0,139.35,139.85
2016-02-17,139.85,139.85,137.35,139.4,139.6
2016-02-16,139.1,140.55,137.8,139.3,139.3
2016-02-15,139.1,140.65,138.1,138.65,138.7
2016-02-12,138.0,140.8,136.3,138.25,138.35
2016-02-11,142.85,143.85,134.1,136.5,136.7
2016-02-10,141.0,144.55,141.0,144.0,143.35
2016-02-09,141.8,145.5,141.0,141.95,141.95
2016-02-08,145.05,146.05,141.65,142.75,142.45
2016-02-05,147.05,147.4,144.35,145.15,145.25
2016-02-04,144.85,147.5,142.85,147.1,146.8
2016-02-03,143.85,146.2,141.45,144.0,143.25
2016-02-02,146.5,150.35,145.0,145.0,146.25
2016-02-01,147.9,148.4,146.15,147.1,146.75
2016-01-29,144.8,148.4,144.5,147.85,147.85
2016-01-28,141.0,144.5,140.5,143.85,143.7
2016-01-27,133.8,139.25,133.4,138.5,138.25
2016-01-25,134.0,134.45,131.25,132.65,133.0
2016-01-22,133.2,135.8,132.1,133.65,133.1
2016-01-21,134.8,137.35,132.0,132.4,132.2
2016-01-20,134.6,140.3,130.55,134.5,134.65
2016-01-19,138.45,139.8,134.8,136.5,135.95
2016-01-18,140.0,141.05,137.4,138.65,138.15
2016-01-15,142.15,143.25,138.3,138.7,139.1
2016-01-14,141.4,144.5,141.4,143.0,142.85
2016-01-13,143.15,144.4,140.1,142.75,142.9
2016-01-12,143.5,146.75,142.05,142.7,142.75
2016-01-11,140.5,145.5,139.0,143.0,143.25
2016-01-08,140.0,142.0,138.9,141.6,141.65
2016-01-07,139.5,141.75,137.5,138.75,138.1
2016-01-06,138.6,139.95,138.0,139.7,139.5
2016-01-05,141.05,141.95,138.2,138.75,139.15
2016-01-04,140.5,144.35,139.9,140.75,140.95
2016-01-01,141.4,141.85,140.75,140.8,141.0
2015-12-31,141.0,142.0,139.6,141.75,141.15
2015-12-30,140.25,141.65,140.25,141.0,141.0
2015-12-29,142.2,142.6,140.4,140.55,140.95
2015-12-28,140.45,142.75,139.65,141.8,142.15
2015-12-24,140.0,140.85,139.35,140.25,140.1
2015-12-23,138.8,140.5,138.8,140.0,140.05
2015-12-22,139.55,140.6,137.95,138.8,138.5
2015-12-21,135.4,139.9,135.4,139.4,139.45
2015-12-18,134.0,136.5,133.05,135.5,135.4
2015-12-17,133.3,135.15,131.75,134.2,134.55
2015-12-16,130.0,134.1,129.7,133.35,133.35
2015-12-15,128.15,129.8,127.25,129.5,129.5
2015-12-14,127.3,129.4,126.75,128.0,128.15
2015-12-11,131.0,131.0,127.4,128.0,128.0
2015-12-10,130.0,131.0,129.25,130.35,130.75
2015-12-09,129.7,131.7,129.05,130.15,130.15
2015-12-08,131.0,131.2,129.35,130.35,130.2
2015-12-07,131.0,131.85,129.7,131.4,131.15
2015-12-04,133.7,133.7,130.45,130.55,130.75
2015-12-03,135.0,136.0,133.3,134.25,133.8
2015-12-02,136.0,136.55,134.6,134.8,135.4
2015-12-01,136.1,138.0,135.35,135.45,136.0
2015-11-30,133.55,136.9,133.3,136.2,136.1
2015-11-27,133.65,134.0,132.5,134.0,133.5
2015-11-26,131.5,134.45,131.4,133.75,133.8
2015-11-24,131.0,132.6,130.95,131.7,131.85
2015-11-23,130.5,131.8,130.5,131.1,131.4
2015-11-20,132.0,132.7,130.4,130.9,130.9
2015-11-19,131.7,132.7,130.45,132.15,131.85
2015-11-18,130.65,131.6,129.75,131.0,130.9
2015-11-17,129.25,131.8,129.2,130.65,130.75
2015-11-16,129.5,130.7,128.55,128.65,129.0
2015-11-13,128.0,131.4,127.5,130.05,130.2
2015-11-11,130.0,130.0,128.55,129.45,129.45
2015-11-10,129.2,129.95,127.7,128.65,128.3
2015-11-09,129.0,130.9,126.65,130.65,130.05
2015-11-06,132.4,132.5,129.05,131.25,131.3
2015-11-05,131.8,132.5,130.4,131.05,130.95
2015-11-04,133.2,133.9,130.4,131.5,131.2
2015-11-03,130.45,132.15,130.2,131.95,131.65
2015-11-02,128.75,129.4,127.15,129.1,128.95
2015-10-30,128.5,131.85,128.25,128.45,128.75
2015-10-29,130.6,130.6,126.2,128.4,128.15
2015-10-28,133.15,133.95,130.45,130.55,131.05
2015-10-27,135.55,136.25,133.45,133.55,133.9
2015-10-26,136.5,136.85,135.25,135.9,135.75
2015-10-23,136.5,137.55,135.5,136.25,136.35
2015-10-21,136.0,137.2,134.9,135.65,135.9
2015-10-20,134.0,137.1,133.5,135.95,135.9
2015-10-19,135.0,135.35,132.85,134.25,133.8
2015-10-16,135.4,136.0,133.6,135.0,135.0
2015-10-15,133.5,135.45,133.2,135.2,135.05
2015-10-14,132.9,133.5,132.2,133.0,133.0
2015-10-13,133.0,133.7,132.45,132.6,133.05
2015-10-12,132.5,133.7,131.8,133.0,133.3
2015-10-09,133.0,133.5,131.9,131.9,132.55
2015-10-08,132.9,133.0,131.6,132.2,132.45
2015-10-07,132.6,133.2,131.7,132.1,132.55
2015-10-06,132.85,134.5,131.7,132.0,132.25
2015-10-05,131.0,134.15,130.95,132.25,132.5
2015-10-01,133.0,133.9,130.25,130.6,130.55
2015-09-30,128.4,132.7,128.35,132.65,132.35
2015-09-29,125.85,130.5,125.4,127.7,128.35
2015-09-28,126.45,129.0,124.7,127.25,126.8
2015-09-24,128.0,130.05,124.55,125.55,125.4
2015-09-23,131.05,132.0,125.8,128.5,127.8
2015-09-22,136.7,137.0,129.25,131.5,131.0
2015-09-21,132.8,137.0,131.7,136.7,136.55
2015-09-18,132.0,134.9,131.5,133.5,133.5
2015-09-16,128.5,131.5,128.0,130.9,131.1
2015-09-15,127.5,130.15,126.0,128.35,128.3
2015-09-14,124.8,127.95,123.5,127.65,127.55
2015-09-11,124.0,125.8,123.1,124.3,124.3
2015-09-10,124.75,124.75,120.7,123.9,123.35
2015-09-09,129.4,130.5,124.6,125.45,126.0
2015-09-08,122.0,127.5,121.1,127.2,126.05
2015-09-07,122.8,124.9,120.55,121.55,122.3
2015-09-04,126.9,126.9,122.45,124.75,123.6
2015-09-03,125.4,128.05,125.1,127.3,127.2
2015-09-02,129.3,130.0,123.75,125.0,125.2
2015-09-01,129.35,131.1,128.0,128.5,129.1
2015-08-31,134.5,135.45,130.1,130.4,130.65
2015-08-28,135.6,137.5,133.7,135.15,135.15
2015-08-27,132.45,138.45,130.25,134.65,134.85
2015-08-26,128.6,132.8,128.0,131.15,130.95
2015-08-25,131.0,133.65,125.15,129.2,128.6
2015-08-24,130.85,132.5,127.7,131.15,131.1
2015-08-21,135.0,135.2,133.05,133.1,133.4
2015-08-20,135.1,136.95,134.35,136.45,136.1
2015-08-19,137.5,138.4,136.1,136.4,136.45
2015-08-18,138.1,138.7,136.65,137.6,137.4
2015-08-17,138.5,139.45,136.95,138.5,138.1
2015-08-14,137.8,139.05,137.7,138.5,138.35
2015-08-13,135.8,138.6,126.0,137.9,137.8
2015-08-12,137.0,137.9,135.7,135.7,136.0
2015-08-11,140.0,140.8,135.6,137.9,137.95
2015-08-10,140.1,141.5,137.4,138.0,138.05
2015-08-07,140.55,142.3,139.35,140.0,139.6
2015-08-06,140.3,141.9,140.2,141.3,141.05
2015-08-05,141.0,141.45,140.1,140.4,140.75
2015-08-04,140.5,142.5,139.95,141.15,141.0
2015-08-03,141.05,142.9,140.3,140.7,140.6
2015-07-31,142.85,142.85,140.4,141.8,142.0
2015-07-30,140.2,143.25,139.9,141.8,142.4
2015-07-29,140.7,141.3,139.5,140.0,140.0
2015-07-28,141.0,141.7,139.45,141.6,141.35
2015-07-27,141.35,142.95,140.05,140.65,140.4
2015-07-24,142.2,142.95,141.2,142.1,142.05
2015-07-23,143.1,143.3,140.75,142.0,142.25
2015-07-22,139.7,143.25,138.8,142.7,142.8
2015-07-21,140.15,140.9,139.65,139.7,140.0
2015-07-20,141.75,141.75,140.05,140.1,140.2
2015-07-17,139.65,141.75,139.5,141.0,141.2
2015-07-16,139.7,140.15,139.1,139.75,139.6
2015-07-15,140.05,140.7,139.5,139.55,139.75
2015-07-14,140.1,140.95,138.8,140.15,140.2
2015-07-13,138.4,140.4,137.05,140.0,140.0
2015-07-10,137.1,139.15,136.85,138.1,138.65
2015-07-09,138.1,138.55,136.9,136.9,137.0
2015-07-08,138.1,139.2,136.4,138.0,138.0
2015-07-07,141.0,141.5,138.25,138.95,138.6
2015-07-06,140.5,142.2,139.7,139.85,140.0
2015-07-03,140.5,142.95,140.5,141.6,141.5
2015-07-02,142.95,143.0,140.6,141.3,141.5
2015-07-01,139.15,143.1,138.4,142.8,142.35
2015-06-30,139.5,140.4,137.65,139.85,139.1
2015-06-29,137.8,140.2,137.7,139.6,139.5
2015-06-26,140.5,141.25,138.9,139.0,139.1
2015-06-25,140.2,141.9,138.85,141.25,141.3
2015-06-24,139.05,140.55,139.05,140.35,139.85
2015-06-23,141.0,141.8,139.15,139.5,139.4
2015-06-22,140.85,142.2,140.4,141.2,141.3
2015-06-19,141.95,142.4,138.7,140.45,140.0
2015-06-18,141.3,142.7,140.85,141.55,141.95
2015-06-17,143.7,144.35,140.45,141.0,141.8
2015-06-16,140.8,144.65,140.5,144.5,144.1
2015-06-15,145.0,145.0,140.65,141.25,141.2
2015-06-12,145.5,145.95,142.25,145.7,145.4
2015-06-11,146.6,147.35,144.85,146.8,146.0
2015-06-10,147.55,148.2,146.2,146.6,147.15
2015-06-09,146.0,148.15,145.3,148.0,147.35
2015-06-08,145.45,146.7,143.95,145.7,146.15
2015-06-05,144.0,146.3,143.0,145.45,144.9
2015-06-04,143.0,145.15,142.4,144.5,144.35
2015-06-03,142.15,143.75,140.75,143.0,143.2
2015-06-02,142.5,142.9,141.35,142.55,142.5
2015-06-01,146.65,146.9,142.25,142.5,143.1
2015-05-29,142.5,144.45,141.25,144.1,143.7
2015-05-28,144.25,144.25,140.55,143.55,143.2
2015-05-27,143.05,143.6,141.8,143.0,143.2
2015-05-26,143.4,143.6,141.55,142.75,143.05
2015-05-25,141.75,143.4,141.05,142.75,143.1
2015-05-22,139.3,141.95,137.4,140.6,140.95
2015-05-21,140.5,140.95,138.7,138.85,139.5
2015-05-20,139.1,141.4,139.05,140.2,140.8
2015-05-19,140.0,143.9,138.1,139.2,138.75
2015-05-18,139.5,140.95,138.75,140.25,140.05
2015-05-15,140.2,141.7,139.3,139.7,140.05
2015-05-14,140.8,140.8,138.25,139.1,139.4
2015-05-13,139.5,141.5,138.05,140.25,140.85
2015-05-12,142.9,143.05,138.6,139.0,139.3
2015-05-11,140.75,143.35,139.8,142.6,143.0
2015-05-08,141.0,142.2,139.7,140.0,140.0
2015-05-07,140.0,141.05,138.05,140.0,140.3
2015-05-06,142.75,142.75,140.05,140.3,140.6
2015-05-05,143.05,146.65,141.55,143.05,143.15
2015-05-04,143.0,144.6,141.0,144.0,144.15
2015-04-30,142.1,144.8,140.4,142.1,142.2
2015-04-29,144.35,144.8,142.5,143.0,143.05
2015-04-28,144.3,146.5,143.5,143.8,144.45
2015-04-27,146.1,147.75,144.5,144.8,144.95
2015-04-24,146.0,147.95,144.05,147.0,145.85
2015-04-23,148.0,148.95,145.9,146.2,146.65
2015-04-22,149.0,149.55,146.6,147.25,147.05
2015-04-21,150.0,152.0,148.1,148.85,148.85
2015-04-20,150.2,152.6,148.65,150.0,149.8
2015-04-17,150.7,151.6,149.1,151.2,150.1
2015-04-16,151.15,152.25,147.5,151.25,150.7
2015-04-15,154.95,156.0,151.0,151.5,151.55
2015-04-13,152.8,155.7,150.75,155.35,154.35
2015-04-10,151.5,153.05,150.3,152.8,152.7
2015-04-09,147.55,151.6,147.4,151.5,151.0
2015-04-08,147.55,149.8,147.0,147.75,147.3
2015-04-07,147.2,148.2,146.0,148.0,147.95
2015-04-06,146.4,149.45,145.85,147.0,147.95
2015-04-01,145.1,146.85,145.1,146.7,146.45
2015-03-31,145.5,146.45,144.5,145.65,145.25
2015-03-30,145.05,145.6,143.6,145.1,145.0
2015-03-27,145.1,145.95,143.2,144.8,144.75
2015-03-26,146.9,149.5,144.05,144.65,145.1
2015-03-25,147.75,148.55,146.2,146.5,146.5
2015-03-24,149.0,150.85,147.5,148.0,147.95
2015-03-23,149.5,151.9,148.55,149.0,149.2
2015-03-20,146.0,149.85,144.6,149.25,148.2
2015-03-19,146.65,149.25,145.0,145.25,146.1
2015-03-18,147.5,148.25,145.9,145.9,146.65
2015-03-17,147.1,149.0,146.05,147.15,147.65
2015-03-16,145.55,147.7,145.55,146.75,146.75
2015-03-13,150.25,150.4,146.0,146.6,146.6
2015-03-12,148.05,152.4,148.05,149.9,149.65
2015-03-11,149.4,150.0,147.45,148.1,147.9
2015-03-10,150.25,150.35,146.7,148.75,148.5
2015-03-09,153.3,154.35,149.7,149.95,150.25
2015-03-05,154.0,156.15,151.6,155.0,155.15
2015-03-04,156.15,157.35,153.1,154.2,154.45
2015-03-03,156.2,156.4,154.15,155.65,155.55
2015-03-02,157.75,159.0,155.4,156.3,156.7
2015-02-28,158.5,159.2,155.2,157.15,156.85
2015-02-27,152.95,157.5,152.1,156.65,157.1
2015-02-26,154.1,156.45,150.8,152.35,152.75
2015-02-25,157.6,157.75,152.6,154.65,154.55
2015-02-24,155.9,157.7,155.55,156.25,156.75
2015-02-23,153.0,157.5,152.5,156.0,155.9
2015-02-20,153.9,154.8,152.3,152.95,153.25
2015-02-19,154.8,155.05,151.15,153.5,154.3
2015-02-18,152.1,155.0,151.25,154.9,154.75
2015-02-16,152.0,154.4,152.0,152.85,152.75
2015-02-13,151.75,152.7,149.35,152.0,151.5
2015-02-12,148.8,152.0,146.05,151.75,150.25
2015-02-11,146.0,148.85,145.0,146.45,145.75
2015-02-10,140.2,146.2,140.0,145.6,145.1
2015-02-09,143.0,143.45,140.0,142.0,141.45
2015-02-06,142.4,145.0,141.6,144.6,143.45
2015-02-05,146.25,146.9,142.7,143.0,143.65
2015-02-04,147.5,149.25,145.9,146.25,146.25
2015-02-03,148.9,149.4,146.5,147.15,147.2
2015-02-02,147.25,148.7,146.0,147.5,147.85
2015-01-30,148.5,150.5,146.0,147.95,148.0
2015-01-29,149.85,149.95,147.6,148.5,148.8
2015-01-28,150.45,151.7,149.0,149.2,149.45
2015-01-27,148.25,151.0,147.2,150.15,149.95
2015-01-23,148.8,150.0,147.2,149.25,149.55
2015-01-22,147.1,151.4,146.65,148.6,148.35
2015-01-21,147.3,148.05,146.05,147.05,146.9
2015-01-20,149.0,150.0,146.8,146.9,147.4
2015-01-19,147.15,148.9,144.4,148.3,147.85
2015-01-16,142.8,148.95,140.8,147.2,147.35
2015-01-15,136.5,143.7,136.5,142.75,142.95
2015-01-14,135.8,136.9,134.8,136.5,136.05
2015-01-13,136.55,137.8,135.25,135.9,135.85
2015-01-12,137.6,139.2,135.5,136.7,136.5
2015-01-09,138.3,139.5,136.95,138.8,138.45
2015-01-08,138.0,138.9,136.25,137.9,138.35
2015-01-07,135.0,138.5,133.5,138.5,137.75
2015-01-06,138.05,138.3,134.15,134.85,135.8
2015-01-05,138.5,140.1,136.15,138.6,138.9
2015-01-02,137.15,139.35,137.15,139.15,138.75
2015-01-01,138.0,138.2,136.9,137.25,137.1
2014-12-31,138.3,140.15,137.45,137.8,138.0
2014-12-30,138.0,138.5,137.25,138.1,137.65
2014-12-29,138.0,139.25,136.7,136.8,137.0
2014-12-26,138.5,139.75,136.5,136.75,137.1
2014-12-24,138.95,138.95,134.1,138.0,136.3
2014-12-23,136.8,139.75,136.45,138.45,139.05
2014-12-22,135.9,137.25,134.75,136.5,136.85
2014-12-19,132.65,136.15,130.5,135.6,135.8
2014-12-18,132.05,133.35,129.55,131.45,131.6
2014-12-17,132.6,134.35,129.6,131.2,131.0
2014-12-16,133.55,134.85,132.15,133.0,133.05
2014-12-15,133.75,135.2,132.95,134.15,134.45
2014-12-12,136.1,136.35,133.55,134.0,134.8
2014-12-11,137.9,138.0,134.75,135.75,135.95
2014-12-10,134.6,137.8,134.3,137.35,137.25
2014-12-09,135.4,136.85,134.6,135.0,134.95
2014-12-08,136.75,138.3,135.45,136.15,135.85
2014-12-05,136.3,138.2,136.0,137.0,136.75
2014-12-04,137.1,137.7,135.7,136.5,136.5
2014-12-03,138.0,139.05,136.9,137.1,137.2
2014-12-02,138.0,139.2,137.75,138.0,138.05
2014-12-01,141.95,142.9,137.8,138.15,138.35
2014-11-28,140.9,143.6,139.45,142.35,142.7
2014-11-27,139.35,142.3,139.35,140.05,140.75
2014-11-26,138.5,140.5,138.05,139.55,139.15
2014-11-25,141.0,141.0,135.85,139.5,139.1
2014-11-24,144.8,145.5,141.2,142.95,142.45
2014-11-21,145.45,147.0,145.45,146.35,146.55
2014-11-20,146.2,147.0,144.25,146.05,146.15
2014-11-19,148.75,150.0,145.25,146.2,146.65
2014-11-18,146.95,149.8,146.0,148.1,148.35
2014-11-17,144.4,147.05,143.7,147.0,146.75
2014-11-14,143.85,145.9,143.0,144.1,144.1
2014-11-13,143.95,145.35,143.0,145.2,144.65
2014-11-12,146.95,147.6,142.05,143.05,142.95
2014-11-11,149.0,150.9,146.9,147.8,147.65
2014-11-10,145.0,149.4,142.75,148.9,148.1
2014-11-07,142.1,145.5,142.1,145.1,144.9
2014-11-05,144.7,145.9,142.05,142.45,142.45
2014-11-03,146.5,150.0,144.55,144.7,144.85
2014-10-31,144.45,146.35,143.85,145.5,145.8
2014-10-30,142.0,145.2,141.6,143.8,144.45
2014-10-29,143.4,144.0,140.0,142.45,142.55
2014-10-28,141.75,142.9,139.8,142.5,142.5
2014-10-27,140.9,145.4,140.15,142.0,142.05
2014-10-23,140.15,140.5,139.55,139.65,139.85
2014-10-22,141.0,141.5,138.95,140.0,139.8
2014-10-21,135.75,140.85,135.15,139.5,139.95
2014-10-20,133.5,136.5,133.5,135.35,135.1
2014-10-17,134.95,135.5,133.5,133.85,134.1
2014-10-16,136.0,136.15,132.5,133.25,133.95
2014-10-14,135.15,136.65,134.35,136.5,136.05
2014-10-13,134.85,136.35,134.55,135.0,134.85
2014-10-10,137.5,137.85,135.7,136.1,136.05
2014-10-09,138.15,138.9,137.3,138.5,138.05
2014-10-08,137.0,138.8,136.8,137.35,137.9
2014-10-07,135.95,137.75,134.95,137.4,137.25
2014-10-01,136.0,138.0,134.7,136.5,135.95
2014-09-30,138.95,139.05,134.1,135.2,135.25
2014-09-29,137.0,140.1,136.5,140.0,139.55
2014-09-26,136.05,137.4,135.05,137.0,137.0
2014-09-25,136.0,137.05,135.25,136.0,136.0
2014-09-24,136.1,137.4,135.35,135.75,135.85
2014-09-23,137.5,138.4,135.75,136.35,136.5
2014-09-22,136.8,137.4,135.45,137.0,137.0
2014-09-19,135.75,139.15,135.75,136.4,136.85
2014-09-18,135.8,137.9,135.15,136.55,136.55
2014-09-17,136.5,136.6,133.8,136.15,136.15
2014-09-16,136.25,137.8,134.5,135.9,135.95
2014-09-15,134.05,137.3,133.85,136.7,136.75
2014-09-12,137.3,137.9,134.65,135.45,135.15
2014-09-11,136.55,138.2,135.3,137.75,137.85
2014-09-10,133.75,136.6,133.75,136.5,136.15
2014-09-09,133.6,135.0,133.5,134.15,134.05
2014-09-08,135.0,135.7,131.75,133.5,133.1
2014-09-05,134.65,135.5,133.0,134.9,134.45
2014-09-04,132.1,134.5,130.55,134.2,134.15
2014-09-03,133.15,133.5,131.4,131.8,132.75
2014-09-02,131.8,133.25,131.25,133.15,132.5
2014-09-01,128.0,132.8,127.2,132.5,132.4
2014-08-28,129.55,130.3,127.45,128.8,129.2
2014-08-27,130.7,132.2,127.85,129.55,129.5
2014-08-26,131.95,133.0,130.4,130.9,131.0
2014-08-25,134.2,134.5,132.0,132.15,132.45
2014-08-22,136.5,136.9,133.9,134.45,134.15
2014-08-21,136.7,137.1,135.6,136.3,136.45
2014-08-20,136.7,137.6,136.3,136.7,137.1
2014-08-19,135.1,137.9,133.4,136.15,136.55
2014-08-18,132.6,135.3,132.35,134.5,134.8
2014-08-14,133.5,134.0,132.55,133.0,133.2
2014-08-13,132.0,134.25,130.85,131.9,132.3
2014-08-12,132.1,132.9,131.1,132.4,132.25
2014-08-11,133.8,133.8,130.0,131.55,131.95
2014-08-08,133.75,134.15,130.45,131.75,131.9
2014-08-07,134.75,136.35,133.85,134.9,134.5
2014-08-06,131.85,134.9,131.35,134.15,134.05
2014-08-05,133.0,134.05,131.0,132.2,132.45
2014-08-04,131.0,134.7,128.35,132.1,132.45
2014-08-01,133.0,133.0,129.25,129.7,129.8
2014-07-31,134.2,134.65,132.4,133.8,133.1
2014-07-30,133.0,135.95,133.0,135.15,134.7
2014-07-28,135.0,135.6,132.2,133.2,133.2
2014-07-25,134.5,135.6,132.1,134.9,134.8
2014-07-24,136.2,136.5,134.0,134.65,134.65
2014-07-23,136.45,138.2,135.2,136.5,136.3
2014-07-22,137.0,137.8,134.65,135.95,135.75
2014-07-21,137.1,138.0,136.4,136.75,136.9
2014-07-18,137.85,138.15,135.9,137.3,137.1
2014-07-17,136.05,139.4,135.7,138.95,138.7
2014-07-16,135.35,137.2,133.3,137.2,136.25
2014-07-15,134.45,135.9,133.1,135.45,135.15
2014-07-14,132.7,136.7,131.75,134.75,133.95
2014-07-11,137.3,138.85,130.7,132.9,132.7
2014-07-10,137.0,139.75,130.0,136.65,137.55
2014-07-09,138.0,139.4,133.8,136.0,136.2
2014-07-08,146.0,146.4,136.0,137.4,137.75
2014-07-07,145.5,146.95,144.05,145.9,146.05
2014-07-04,140.4,146.3,139.55,145.95,144.2
2014-07-03,141.75,142.0,139.15,140.1,140.5
2014-07-02,140.6,142.75,140.6,141.0,141.3
2014-07-01,140.0,141.65,138.45,140.0,140.0
2014-06-30,137.8,140.2,137.3,139.1,139.2
2014-06-27,133.0,137.4,131.5,137.05,136.55
2014-06-26,133.05,133.5,131.6,133.0,132.55
2014-06-25,132.0,133.25,131.4,132.5,132.4
2014-06-24,132.95,133.55,131.9,132.2,132.4
2014-06-23,132.0,133.5,130.75,131.7,131.4
2014-06-20,131.9,133.35,130.65,132.35,132.3
2014-06-19,134.0,135.0,130.7,131.1,131.2
2014-06-18,134.0,136.5,131.5,133.3,133.95
2014-06-17,131.05,134.8,131.05,134.0,133.5
2014-06-16,133.0,133.0,129.65,131.65,131.8
2014-06-13,137.3,138.5,130.0,132.0,133.4
2014-06-12,133.6,137.55,132.2,137.5,136.45
2014-06-11,135.95,137.15,131.55,132.5,133.75
2014-06-10,139.4,141.0,134.5,135.85,135.95
2014-06-09,128.85,142.6,128.15,137.2,137.35
2014-06-06,127.9,128.4,126.05,128.1,128.1
2014-06-05,125.7,128.5,125.5,127.4,126.9
2014-06-04,125.25,125.9,123.8,124.35,124.25
2014-06-03,125.0,126.55,123.55,125.4,125.25
2014-06-02,122.3,126.35,122.2,125.0,125.2
2014-05-30,125.5,126.5,120.15,121.95,122.0
2014-05-29,125.85,127.0,124.4,125.2,125.05
2014-05-28,127.0,127.0,124.3,125.0,124.85
2014-05-27,125.6,128.5,124.0,127.6,126.9
2014-05-26,131.7,134.8,123.0,128.0,128.15
2014-05-23,126.0,132.0,120.05,131.4,130.85
2014-05-22,124.1,126.95,123.15,125.75,125.4
2014-05-21,124.0,125.85,123.0,124.5,124.45
2014-05-20,123.95,127.6,122.95,123.4,124.9
2014-05-19,120.3,125.2,120.3,122.55,122.25
2014-05-16,117.05,125.65,117.05,119.35,119.5
2014-05-15,111.55,115.6,108.25,114.85,114.45
2014-05-14,112.95,114.0,111.5,112.0,112.0
2014-05-13,112.4,115.3,112.1,112.4,112.85
2014-05-12,106.45,113.0,106.45,112.5,111.5
2014-05-09,103.8,107.25,103.55,106.2,106.85
2014-05-08,103.4,104.7,102.5,104.2,103.55
2014-05-07,102.7,103.65,102.0,102.85,102.5
2014-05-06,104.9,105.15,102.0,102.15,102.5
2014-05-05,104.3,105.6,103.95,105.0,105.1
2014-05-02,105.6,106.45,104.1,104.55,104.55
2014-04-30,105.75,107.9,104.9,106.0,105.8
2014-04-29,106.8,107.4,105.15,105.65,105.6
2014-04-28,105.25,106.5,104.8,106.3,106.1
2014-04-25,105.4,106.3,104.6,105.25,105.5
2014-04-23,105.9,106.95,105.2,105.7,105.6
2014-04-22,106.2,106.5,104.35,106.0,105.95
2014-04-21,106.8,108.2,105.75,106.0,105.95
2014-04-17,107.45,107.5,106.15,106.8,107.2
2014-04-16,107.75,108.2,105.7,107.5,107.7
2014-04-15,107.25,108.2,106.8,107.55,107.85
2014-04-11,107.2,107.95,107.15,107.85,107.65
2014-04-10,106.9,108.2,106.2,107.95,107.8
2014-04-09,107.05,107.4,105.55,106.8,106.75
2014-04-07,106.7,108.25,105.8,106.45,106.9
2014-04-04,108.75,108.75,106.35,106.5,106.6
2014-04-03,108.1,109.6,106.9,108.45,108.7
2014-04-02,108.15,109.1,107.25,108.1,108.4
2014-04-01,105.5,109.45,105.1,107.95,108.0
2014-03-31,107.2,108.3,104.55,105.4,105.0
2014-03-28,105.35,108.25,104.8,107.7,107.45
2014-03-27,104.0,106.4,104.0,104.45,105.5
2014-03-26,106.0,106.5,103.6,104.05,104.0
2014-03-25,102.6,105.95,102.6,105.5,105.6
2014-03-24,101.0,104.2,101.0,103.2,103.2
2014-03-22,100.95,101.6,100.65,101.0,101.25
2014-03-21,99.8,102.85,99.55,101.45,100.85
2014-03-20,101.7,102.2,99.0,99.2,99.3
2014-03-19,101.35,103.45,101.35,102.05,102.3
2014-03-18,98.5,101.95,98.5,101.85,101.45
2014-03-14,98.3,100.0,98.0,98.5,98.35
2014-03-13,98.55,100.0,98.1,98.8,98.8
2014-03-12,98.35,98.75,97.8,98.5,98.5
2014-03-11,98.4,99.1,98.15,98.8,98.85
2014-03-10,98.75,99.3,97.7,98.9,98.9
2014-03-07,97.25,99.45,97.25,99.25,99.0
2014-03-06,96.35,98.3,96.15,97.5,97.6
2014-03-05,96.2,96.65,95.4,96.2,96.35
2014-03-04,94.2,96.6,93.9,95.95,96.15
2014-03-03,94.1,95.3,93.85,94.7,94.7
2014-02-28,95.05,95.4,93.25,94.7,94.5
2014-02-26,95.5,96.2,94.85,94.95,95.2
2014-02-25,95.1,95.6,94.9,95.6,95.3
2014-02-24,95.25,95.25,94.05,95.1,95.05
2014-02-21,95.25,95.7,95.1,95.4,95.3
2014-02-20,94.6,95.65,94.25,95.1,95.1
2014-02-19,95.55,95.85,94.55,94.9,94.9
2014-02-18,95.65,96.1,95.5,95.55,95.75
2014-02-17,95.1,95.85,95.1,95.85,95.55
2014-02-14,95.2,95.35,94.95,95.25,95.25
2014-02-13,95.55,95.9,94.9,95.0,95.0
2014-02-12,95.9,96.35,95.35,95.75,95.7
2014-02-11,97.1,97.4,95.5,95.55,95.6
2014-02-10,97.35,98.0,96.7,97.1,97.0
2014-02-07,96.2,97.85,95.8,97.5,97.5
2014-02-06,96.0,96.5,95.25,96.35,96.2
2014-02-05,94.7,96.85,94.7,96.65,96.75
2014-02-04,95.05,96.2,94.8,95.5,95.35
2014-02-03,95.15,96.65,94.95,95.2,95.2
2014-01-31,96.0,96.0,95.2,95.5,95.5
2014-01-30,95.7,96.3,95.0,95.15,95.6
2014-01-29,96.7,96.95,95.4,95.8,95.7
2014-01-28,96.55,97.0,96.3,96.6,96.6
2014-01-27,97.4,98.9,95.85,96.1,96.55
2014-01-24,97.8,98.7,97.75,98.2,98.1
2014-01-23,98.0,98.45,97.6,98.05,98.05
2014-01-22,97.9,98.9,97.85,97.9,98.1
2014-01-21,98.15,98.75,97.7,97.9,97.85
2014-01-20,97.0,98.9,97.0,98.35,98.5
2014-01-17,98.0,98.25,96.7,97.55,97.25
2014-01-16,97.9,98.65,97.65,97.9,98.25
2014-01-15,97.55,99.5,97.1,97.5,97.5
2014-01-14,97.9,98.5,97.15,97.55,97.45
2014-01-13,96.8,98.4,96.8,97.9,98.0
2014-01-10,99.5,99.5,96.55,97.25,97.45
2014-01-09,98.75,99.5,98.5,98.8,98.85
2014-01-08,98.55,99.5,98.5,98.7,98.75
2014-01-07,99.9,100.0,98.55,98.8,98.8
2014-01-06,101.0,101.0,99.1,99.6,99.9
2014-01-03,101.9,102.75,100.15,100.65,100.7
2014-01-02,100.1,102.4,100.0,101.7,101.9
2014-01-01,99.85,99.9,99.15,99.5,99.5
2013-12-31,99.1,100.0,98.85,99.8,99.9
2013-12-30,99.4,100.2,98.6,99.05,99.0
2013-12-27,99.0,100.1,98.2,99.55,99.8
2013-12-26,98.1,99.6,97.35,98.9,99.0
2013-12-24,99.5,99.7,98.45,98.6,98.55
2013-12-23,99.0,99.9,98.55,99.65,99.7
2013-12-20,98.8,100.25,98.25,99.0,99.4
2013-12-19,97.5,101.0,96.25,99.0,99.25
2013-12-18,95.0,101.7,94.75,99.95,100.0
2013-12-17,98.4,99.25,97.85,98.35,98.7
2013-12-16,97.0,99.4,96.8,99.2,99.0
2013-12-13,97.2,98.15,97.05,97.1,97.5
2013-12-12,97.7,98.2,97.4,97.7,97.95
2013-12-11,97.5,98.5,97.15,97.45,98.0
2013-12-10,101.3,101.5,97.0,97.4,98.4
2013-12-09,99.5,101.85,98.5,101.0,101.3
2013-12-06,95.95,99.9,95.95,98.85,98.95
2013-12-05,96.5,96.65,95.15,96.0,96.3
2013-12-04,93.6,95.9,93.3,95.9,95.6
2013-12-03,93.5,94.0,93.2,93.75,93.75
2013-12-02,92.1,94.7,92.1,93.65,93.6
2013-11-29,94.35,95.6,93.4,94.9,95.1
2013-11-28,92.25,95.0,91.65,94.5,94.7
2013-11-27,93.75,94.7,91.85,92.2,92.15
2013-11-26,93.75,94.65,93.35,94.3,94.25
2013-11-25,93.7,94.6,93.7,94.25,94.15
2013-11-22,93.2,94.2,93.2,94.1,93.9
2013-11-21,94.0,94.2,92.7,93.6,93.4
2013-11-20,94.6,95.45,93.55,93.7,93.75
2013-11-19,95.6,96.35,94.35,95.0,95.05
2013-11-18,96.3,96.7,95.7,96.4,96.35
2013-11-14,96.1,96.7,95.75,96.0,96.0
2013-11-13,94.85,96.25,94.55,96.05,96.0
2013-11-12,95.95,96.2,94.8,95.0,95.35
2013-11-11,95.9,96.4,94.2,95.9,95.95
2013-11-08,94.25,96.45,93.65,96.15,96.05
2013-11-07,95.9,96.25,94.55,95.3,95.05
2013-11-06,95.3,96.75,95.3,96.25,96.25
2013-11-05,97.75,98.05,94.55,95.25,95.15
2013-11-03,98.4,98.85,98.25,98.3,98.4
2013-11-01,101.3,101.9,97.6,97.85,97.9
2013-10-31,100.95,102.5,98.85,101.2,101.3
2013-10-30,100.65,100.75,100.0,100.4,100.15
2013-10-29,98.6,100.95,98.0,100.6,100.4
2013-10-28,100.3,100.9,98.3,99.0,98.75
2013-10-25,99.6,100.75,98.3,100.0,100.2
2013-10-24,101.0,101.55,98.2,98.8,99.0
2013-10-23,102.9,103.3,100.3,101.0,100.6
2013-10-22,99.3,103.6,99.3,101.95,101.95
2013-10-21,99.5,99.95,99.05,99.7,99.5
2013-10-18,98.5,100.0,97.05,99.85,99.5
2013-10-17,98.75,99.8,97.05,97.45,97.6
2013-10-15,99.65,100.15,98.25,98.9,98.95
2013-10-14,99.0,99.9,98.3,99.75,99.55
2013-10-11,99.55,99.9,98.65,98.9,98.95
2013-10-10,99.05,99.55,98.25,99.25,99.25
2013-10-09,97.5,99.4,97.5,98.8,99.05
2013-10-08,98.6,98.8,97.7,98.25,98.25
2013-10-07,97.55,98.2,96.55,98.2,98.05
2013-10-04,99.5,99.5,97.7,97.9,97.95
2013-10-03,100.0,100.25,98.6,99.5,99.9
2013-10-01,98.25,99.2,97.9,99.05,99.0
2013-09-30,98.2,98.95,96.75,98.65,98.05
2013-09-27,99.3,100.4,98.55,98.7,98.95
2013-09-26,100.0,100.25,98.55,99.15,99.3
2013-09-25,99.0,100.85,98.2,100.6,100.5
2013-09-24,98.55,99.85,98.05,99.2,99.15
2013-09-23,100.1,100.9,98.85,99.2,99.25
2013-09-20,100.75,102.55,100.5,101.5,101.6
2013-09-19,102.8,104.15,99.25,100.75,100.4
2013-09-18,100.5,101.5,98.9,100.9,100.4
2013-09-17,102.05,102.55,98.55,101.7,101.55
2013-09-16,99.75,103.95,99.2,102.3,102.55
2013-09-13,98.5,100.2,98.45,100.2,99.75
2013-09-12,99.5,100.65,98.25,99.1,99.0
2013-09-11,101.9,102.9,98.05,99.1,99.0
2013-09-10,99.25,103.55,99.25,102.9,102.25
2013-09-06,95.95,100.4,95.1,98.9,98.95
2013-09-05,97.55,100.45,95.0,95.7,96.2
2013-09-04,94.6,96.9,94.15,96.25,96.35
2013-09-03,99.5,100.0,94.15,96.25,95.65
2013-09-02,97.7,99.5,97.2,99.0,99.0
2013-08-30,96.9,98.35,93.8,97.2,97.65
2013-08-29,93.75,98.5,93.75,96.2,97.3
2013-08-28,95.0,96.8,92.15,93.0,93.85
2013-08-27,98.0,103.25,94.8,95.95,95.7
2013-08-26,97.7,98.45,97.2,98.0,97.95
2013-08-23,97.8,98.2,96.6,97.5,97.8
2013-08-22,97.0,98.75,96.05,98.0,98.1
2013-08-21,96.95,98.85,96.65,97.5,97.6
2013-08-20,96.5,97.0,94.85,96.65,96.45
2013-08-19,97.1,97.7,94.75,96.5,96.5
2013-08-16,97.1,99.05,95.5,98.2,98.0
2013-08-14,96.0,98.15,95.55,98.0,97.1
2013-08-13,94.95,96.5,94.0,96.0,96.15
2013-08-12,96.5,97.4,94.6,95.65,95.1
2013-08-08,93.8,97.0,93.5,96.75,96.0
2013-08-07,94.0,94.95,92.55,92.9,93.3
2013-08-06,93.0,95.5,92.45,93.75,93.55
2013-08-05,91.95,94.8,87.7,93.45,93.3
2013-08-02,99.0,100.35,86.55,91.0,91.35
2013-08-01,100.8,103.95,99.0,103.35,102.85
2013-07-31,104.1,105.0,98.25,99.25,101.1
2013-07-30,108.1,108.2,104.65,105.3,105.55
2013-07-29,109.2,109.65,107.35,108.05,108.1
2013-07-26,110.5,110.75,108.05,108.25,108.35
2013-07-25,110.6,111.75,106.3,110.3,110.15
2013-07-24,109.1,110.65,108.75,109.95,110.0
2013-07-23,112.25,112.25,109.2,109.75,110.15
2013-07-22,110.7,111.8,110.3,110.85,111.15
2013-07-19,111.8,111.8,110.6,111.25,111.35
2013-07-18,110.55,111.7,110.25,111.5,111.0
2013-07-17,110.1,112.2,109.8,110.95,110.9
2013-07-16,108.3,110.9,108.3,110.3,110.2
2013-07-15,109.95,110.95,109.05,110.0,110.05
2013-07-12,110.7,110.75,108.05,110.4,110.3
2013-07-11,109.95,111.4,109.15,109.75,110.35
2013-07-10,110.45,111.1,107.85,108.5,108.15
2013-07-09,106.3,110.0,105.85,109.9,109.85
2013-07-08,107.5,107.5,104.8,105.75,105.3
2013-07-05,108.0,108.9,106.8,107.7,107.6
2013-07-04,108.5,109.5,106.25,107.5,107.65
2013-07-03,110.75,110.75,107.8,108.3,108.3
2013-07-02,112.1,112.8,110.6,110.8,111.35
2013-07-01,110.5,113.3,110.5,112.3,112.9
2013-06-28,107.0,112.1,107.0,111.15,111.3
2013-06-27,106.5,108.0,105.85,106.55,106.55
2013-06-26,102.8,106.4,102.45,106.0,106.0
2013-06-25,106.2,107.0,102.05,102.7,103.1
2013-06-24,106.6,108.5,105.05,105.95,105.9
2013-06-21,105.65,107.65,105.0,107.6,107.2
2013-06-20,107.2,107.3,105.55,106.0,105.85
2013-06-19,107.95,108.2,106.85,107.5,107.5
2013-06-18,108.0,109.7,107.35,107.7,108.4
2013-06-17,109.05,109.45,107.0,108.2,108.2
2013-06-14,106.25,109.5,106.0,108.75,109.1
2013-06-13,107.25,108.4,105.35,105.5,105.75
2013-06-12,108.0,109.4,107.2,108.0,108.0
2013-06-11,109.35,111.85,107.3,108.2,107.85
2013-06-10,111.0,111.5,109.8,110.0,110.0
2013-06-07,111.05,112.7,110.45,110.55,110.65
2013-06-06,111.7,112.6,111.7,112.05,112.05
2013-06-05,112.55,112.9,111.95,112.8,112.45
2013-06-04,111.2,113.85,111.2,112.75,113.2
2013-06-03,113.35,113.4,110.65,111.4,111.4
2013-05-31,114.95,115.0,112.65,113.35,113.3
2013-05-30,113.2,115.0,112.15,114.5,114.4
2013-05-29,112.95,113.95,112.2,113.5,113.5
2013-05-28,112.35,113.7,111.9,112.55,112.5
2013-05-27,109.2,112.7,109.0,112.45,112.15
2013-05-24,110.8,110.8,108.1,109.0,109.0
2013-05-23,112.15,112.85,109.0,110.5,109.6
2013-05-22,113.0,113.1,111.9,113.1,112.65
2013-05-21,114.1,114.9,111.85,112.6,112.7
2013-05-20,116.0,116.1,114.0,114.6,114.3
2013-05-17,114.0,116.9,113.75,115.85,116.05
2013-05-16,113.25,115.25,113.2,113.9,113.9
2013-05-15,114.6,115.6,113.0,113.5,113.75
2013-05-14,112.3,115.15,112.3,114.35,114.35
2013-05-13,111.6,113.0,111.4,112.2,112.2
2013-05-11,112.0,112.7,111.95,112.3,112.2
2013-05-10,112.85,114.55,112.0,112.35,112.35
2013-05-09,115.0,115.2,112.8,113.65,113.5
2013-05-08,112.65,115.15,112.65,114.9,114.75
2013-05-07,111.9,113.75,110.4,113.45,112.7
2013-05-06,111.55,112.95,110.8,111.8,112.1
2013-05-03,113.9,115.2,111.65,112.3,112.0
2013-05-02,111.3,115.5,111.25,114.85,114.9
2013-04-30,110.2,113.15,109.5,111.85,112.2
2013-04-29,109.55,111.4,109.55,110.55,110.45
2013-04-26,110.25,110.7,109.5,110.15,110.3
2013-04-25,109.1,112.3,108.0,109.85,109.85
2013-04-23,109.0,110.0,108.7,109.6,109.7
2013-04-22,106.25,110.6,106.25,109.1,109.4
2013-04-18,106.15,107.9,105.25,106.85,107.0
2013-04-17,106.9,108.15,106.25,107.3,106.9
2013-04-16,104.05,107.9,104.0,107.7,106.9
2013-04-15,105.0,105.0,103.65,104.0,104.05
2013-04-12,103.05,105.85,103.05,105.2,105.5
2013-04-11,104.8,104.8,103.15,103.5,103.55
2013-04-10,103.55,104.8,102.9,103.9,104.6
2013-04-09,104.55,106.2,102.8,102.9,103.3
2013-04-08,105.0,106.0,103.5,104.3,104.15
2013-04-05,103.75,105.0,103.75,104.5,104.65
2013-04-04,105.75,106.45,103.8,104.4,104.5
2013-04-03,105.85,106.6,105.55,106.3,106.2
2013-04-02,105.95,107.65,105.1,106.0,106.5
2013-04-01,105.25,106.45,104.75,105.65,105.5
2013-03-28,104.95,106.4,104.1,105.75,105.8
2013-03-26,103.5,105.3,103.5,105.2,105.0
2013-03-25,103.4,104.55,103.0,104.25,103.9
2013-03-22,101.65,103.2,100.85,102.45,102.45
2013-03-21,104.0,105.3,100.85,101.55,101.6
2013-03-20,106.55,106.9,103.8,104.6,104.35
2013-03-19,108.95,109.4,105.05,106.8,107.1
2013-03-18,108.9,109.0,108.5,108.6,108.75
2013-03-15,109.4,110.05,108.45,109.7,109.0
2013-03-14,109.6,110.0,108.75,109.7,109.65
2013-03-13,109.1,110.25,108.8,109.4,109.8
2013-03-12,110.6,110.6,108.1,109.0,109.25
2013-03-11,109.95,110.75,109.0,110.2,110.4
2013-03-08,108.9,110.15,108.05,109.8,110.0
2013-03-07,107.15,108.8,107.15,108.4,108.2
2013-03-06,108.6,109.0,107.35,107.5,107.65
2013-03-05,108.55,109.0,106.5,108.6,108.6
2013-03-04,108.0,109.5,106.3,108.7,108.45
2013-03-01,105.7,109.0,104.3,107.95,107.95
2013-02-28,109.6,110.0,102.05,105.0,104.3
2013-02-27,111.5,111.85,108.6,108.75,108.9
2013-02-26,111.9,111.9,110.2,111.05,110.95
2013-02-25,109.5,112.25,109.25,112.15,112.05
2013-02-22,107.6,109.5,107.0,109.25,109.05
2013-02-21,107.8,108.95,106.35,106.65,106.85
2013-02-20,108.5,109.65,107.4,108.0,108.15
2013-02-19,108.25,108.65,107.2,108.5,108.4
2013-02-18,105.25,109.4,105.25,108.25,108.25
2013-02-15,104.6,106.25,103.5,105.8,105.65
2013-02-14,110.0,110.4,103.85,106.0,105.7
2013-02-13,115.0,115.0,109.3,109.7,109.9
2013-02-12,111.7,115.35,111.4,112.75,112.85
2013-02-11,111.5,112.75,110.35,112.6,112.55
2013-02-08,112.0,112.8,110.6,110.8,111.25
2013-02-07,109.5,112.35,109.5,112.0,111.6
2013-02-06,110.05,110.65,109.0,109.65,109.35
2013-02-05,110.75,110.95,109.2,109.7,109.6
2013-02-04,110.55,111.7,110.5,111.15,111.2
2013-02-01,110.15,111.2,109.9,110.45,110.45
2013-01-31,111.2,111.95,109.6,110.15,110.2
2013-01-30,112.0,112.8,110.85,111.0,111.5
2013-01-29,111.65,113.4,111.2,111.7,112.1
2013-01-28,111.1,112.25,109.75,112.15,111.9
2013-01-25,110.3,111.65,110.3,111.1,111.0
2013-01-24,112.2,112.55,110.7,110.95,110.95
2013-01-23,114.0,114.6,111.55,112.4,112.15
2013-01-22,114.1,115.25,112.8,113.8,113.5
2013-01-21,114.35,115.1,113.2,113.9,113.9
2013-01-18,112.7,115.45,112.0,115.25,114.95
2013-01-17,112.1,113.05,111.25,112.45,112.65
2013-01-16,111.0,112.4,110.4,112.2,112.05
2013-01-15,112.5,113.1,110.85,111.15,111.05
2013-01-14,113.1,114.3,111.75,112.05,112.05
2013-01-11,114.1,114.2,112.85,113.0,113.15
2013-01-10,115.7,116.7,113.5,113.6,113.9
2013-01-09,116.75,116.95,115.1,115.7,115.55
2013-01-08,114.05,116.75,114.0,116.0,116.45
2013-01-07,115.0,115.15,113.55,114.55,114.4
2013-01-04,114.5,115.15,113.55,115.05,114.95
2013-01-03,113.8,114.75,113.15,114.55,114.15
2013-01-02,114.1,114.8,112.9,113.35,113.1
2013-01-01,115.15,115.6,113.7,113.9,113.85
2012-12-31,113.5,115.0,113.4,114.85,114.75
2012-12-28,114.4,115.4,112.3,113.5,113.5
2012-12-27,115.35,116.0,113.1,113.65,113.45
2012-12-26,114.8,116.2,114.6,115.3,115.3
2012-12-24,114.8,115.95,113.85,114.6,114.4
2012-12-21,115.6,115.75,114.5,114.6,114.7
2012-12-20,116.9,116.9,115.5,115.5,115.8
2012-12-19,117.55,117.7,115.25,116.3,116.2
2012-12-18,117.0,117.9,116.1,116.8,117.1
2012-12-17,116.3,117.2,115.45,116.95,116.35
2012-12-14,118.2,118.2,115.75,116.5,116.25
2012-12-13,117.9,118.75,117.6,118.2,118.25
2012-12-12,117.95,118.35,116.8,116.9,117.25
2012-12-11,119.0,119.2,117.3,117.5,117.5
2012-12-10,118.8,119.15,118.0,119.0,118.55
2012-12-07,120.3,120.45,118.1,118.5,118.7
2012-12-06,120.5,120.6,118.65,120.55,120.05
2012-12-05,120.75,121.25,119.0,120.4,120.15
2012-12-04,118.95,121.0,118.7,120.25,120.45
2012-12-03,118.15,119.1,117.55,118.95,118.95
2012-11-30,118.2,118.85,117.3,118.3,117.9
2012-11-29,118.5,119.05,116.9,118.1,117.9
2012-11-27,120.5,120.95,118.25,118.55,118.55
2012-11-26,120.0,120.6,119.05,120.2,120.4
2012-11-23,119.5,121.0,118.85,120.25,119.75
2012-11-22,120.25,120.65,118.7,119.1,119.1
2012-11-21,122.1,122.45,119.35,120.05,120.1
2012-11-20,120.15,122.45,120.1,121.7,122.1
2012-11-19,119.1,120.4,118.7,120.4,120.05
2012-11-16,119.8,119.95,118.3,118.3,119.1
2012-11-15,119.1,120.3,118.65,119.6,119.9
2012-11-13,119.6,120.55,119.15,119.45,119.4
2012-11-12,119.65,120.75,119.65,120.0,120.0
2012-11-09,118.7,120.9,118.4,119.6,119.55
2012-11-08,118.95,119.3,118.2,118.9,118.85
2012-11-07,119.5,120.6,119.0,119.95,120.0
2012-11-06,117.7,119.9,116.5,119.65,119.65
2012-11-05,117.9,118.0,116.8,117.3,117.05
2012-11-02,117.6,118.3,117.1,118.0,118.0
2012-11-01,115.3,117.4,115.3,117.0,116.95
2012-10-31,113.65,114.5,113.05,114.2,114.0
2012-10-30,115.1,115.35,112.8,113.35,113.2
2012-10-29,114.15,115.55,114.15,115.2,114.95
2012-10-26,116.35,116.8,113.5,114.3,113.85
2012-10-25,117.8,118.0,116.1,116.65,116.7
2012-10-23,118.15,118.65,117.3,117.5,117.45
2012-10-22,118.45,119.2,117.95,118.3,118.6
2012-10-19,120.0,120.5,119.0,119.1,119.4
2012-10-18,120.0,120.9,119.4,120.45,120.6
2012-10-17,119.4,120.0,118.5,119.5,119.75
2012-10-16,119.1,119.7,118.25,118.35,118.6
2012-10-15,119.6,120.95,118.45,118.75,118.85
2012-10-12,119.0,120.4,115.0,120.0,119.95
2012-10-11,120.0,120.6,118.6,119.3,119.15
2012-10-10,119.8,120.65,118.0,120.0,119.45
2012-10-09,119.1,120.5,117.85,120.05,120.2
2012-10-08,118.0,119.45,117.05,118.45,118.7
2012-10-05,118.75,119.1,95.2,118.0,118.2
2012-10-04,118.3,119.0,116.5,117.85,118.0
2012-10-03,120.0,121.0,117.3,117.7,117.65
2012-10-01,120.05,121.0,118.8,120.0,120.05
2012-09-28,117.5,120.7,117.5,120.2,120.5
2012-09-27,117.1,118.35,116.05,116.6,116.75
2012-09-26,117.0,117.95,116.3,116.95,117.0
2012-09-25,118.8,119.25,115.6,117.45,117.4
2012-09-24,120.2,121.5,117.5,117.85,118.1
2012-09-21,117.25,121.0,117.25,120.45,120.25
2012-09-20,116.0,118.2,116.0,116.75,116.75
2012-09-18,117.7,119.8,117.0,117.7,117.65
2012-09-17,120.8,121.1,116.95,118.0,117.6
2012-09-14,122.0,122.85,118.9,119.5,120.0
2012-09-13,120.7,122.6,120.5,120.8,121.15
2012-09-12,121.5,121.9,120.15,121.2,121.4
2012-09-11,121.25,121.9,120.2,120.75,120.95
2012-09-10,121.35,123.0,121.0,122.0,121.95
2012-09-08,121.3,121.95,121.2,121.85,121.7
2012-09-07,122.5,122.85,121.5,121.65,121.9
2012-09-06,122.65,122.65,119.3,121.25,121.1
2012-09-05,123.0,124.45,122.25,122.25,122.7
2012-09-04,121.0,124.7,121.0,123.9,123.95
2012-09-03,120.1,122.0,120.05,121.1,121.55
2012-08-31,121.7,121.7,118.8,120.0,119.45
2012-08-30,118.95,123.0,118.2,120.75,121.75
2012-08-29,122.0,122.9,118.3,118.5,119.05
2012-08-28,118.5,123.0,118.2,122.35,121.5
2012-08-27,116.8,118.7,116.75,118.3,118.3
2012-08-24,117.0,118.35,116.2,117.9,117.1
2012-08-23,119.25,119.25,116.8,117.15,117.45
2012-08-22,118.55,119.6,118.2,119.2,118.95
2012-08-21,117.05,120.25,116.55,119.0,119.55
2012-08-17,120.35,121.0,116.25,117.6,117.65
2012-08-16,120.0,122.5,118.75,120.1,120.1
2012-08-14,118.65,120.9,118.65,120.1,120.05
2012-08-13,119.0,120.25,118.1,119.95,119.9
2012-08-10,118.95,121.55,118.2,119.75,119.55
2012-08-09,119.1,120.25,118.35,119.0,119.05
2012-08-08,118.75,119.3,118.3,119.0,118.95
2012-08-07,120.25,120.85,117.8,119.0,118.55
2012-08-06,118.95,121.1,118.6,120.2,120.45
2012-08-03,117.35,119.05,116.7,118.0,118.3
2012-08-02,118.1,119.25,117.9,118.25,118.1
2012-08-01,118.5,119.5,117.6,118.6,119.0
2012-07-31,118.2,120.7,118.15,119.0,118.95
2012-07-30,114.45,118.5,114.0,117.35,118.15
2012-07-27,113.3,115.0,112.1,113.8,114.35
2012-07-26,110.95,112.5,110.2,111.4,111.75
2012-07-25,110.65,111.4,108.55,111.15,110.75
2012-07-24,109.15,112.35,108.9,110.65,110.95
2012-07-23,110.65,111.0,109.05,109.05,109.3
2012-07-20,111.3,112.5,110.8,111.3,111.25
2012-07-19,111.95,112.8,111.5,111.65,112.0
2012-07-18,112.1,112.55,110.75,111.4,111.2
2012-07-17,112.8,113.05,111.9,111.95,112.25
2012-07-16,111.75,113.2,111.1,112.6,112.65
2012-07-13,112.6,113.0,111.75,111.75,112.05
2012-07-12,113.6,113.6,112.1,112.4,112.45
2012-07-11,112.7,114.5,112.7,113.9,113.65
2012-07-10,111.9,113.75,111.75,113.25,113.15
2012-07-09,112.85,113.0,112.1,112.5,112.8
2012-07-06,114.0,114.5,112.05,112.95,113.0
2012-07-05,113.0,114.8,112.5,114.6,114.3
2012-07-04,111.8,113.4,111.3,113.2,113.0
2012-07-03,113.3,113.5,111.1,111.55,111.65
2012-07-02,113.6,113.95,112.3,112.5,112.6
2012-06-29,110.35,114.6,110.3,113.75,113.55
2012-06-28,110.0,110.8,108.7,109.6,109.7
2012-06-27,110.0,111.4,109.1,110.0,109.8
2012-06-26,107.3,110.0,107.3,110.0,109.85
2012-06-25,109.65,110.45,107.25,107.5,107.85
2012-06-22,109.0,110.7,108.75,109.9,110.05
2012-06-21,107.5,109.9,106.9,109.7,109.75
2012-06-20,108.35,109.9,108.0,108.0,108.4
2012-06-19,107.05,109.9,106.6,108.45,108.75
2012-06-18,106.5,107.5,105.7,107.35,107.05
2012-06-15,106.2,106.75,105.45,106.2,106.05
2012-06-14,107.05,108.1,105.0,105.6,105.7
2012-06-13,107.5,108.25,106.65,107.8,107.6
2012-06-12,106.9,108.15,106.05,107.1,107.65
2012-06-11,108.0,108.5,107.0,107.3,107.25
2012-06-08,107.8,108.5,105.75,106.8,107.0
2012-06-07,109.65,110.75,107.5,108.4,108.05
2012-06-06,106.0,111.1,106.0,109.65,109.65
2012-06-05,104.9,107.2,104.5,105.9,105.95
2012-06-04,103.0,104.45,102.1,104.1,104.05
2012-06-01,105.5,105.9,103.0,103.75,103.65
2012-05-31,105.15,107.0,105.05,106.0,106.15
2012-05-30,107.25,107.65,105.45,105.7,106.1
2012-05-29,107.7,108.25,105.8,106.95,107.35
2012-05-28,103.5,107.35,103.5,107.05,106.4
2012-05-25,104.5,105.0,103.75,104.0,104.1
2012-05-24,104.4,105.8,102.45,105.55,105.35
2012-05-23,103.9,104.95,102.25,103.6,103.6
2012-05-22,104.35,104.55,103.1,104.0,103.7
2012-05-21,104.9,105.9,103.25,104.0,103.95
2012-05-18,103.85,106.15,102.55,105.0,105.1
2012-05-17,105.0,106.8,103.85,105.7,104.75
2012-05-16,102.3,105.3,101.0,104.6,104.55
2012-05-15,101.1,103.35,100.1,103.2,102.9
2012-05-14,101.0,101.8,100.2,101.0,101.25
2012-05-11,102.5,103.0,100.2,100.65,101.35
2012-05-10,104.15,105.35,102.0,102.5,102.5
2012-05-09,105.05,106.25,103.75,104.0,104.25
2012-05-08,105.8,107.15,105.05,105.25,105.75
2012-05-07,106.4,107.0,103.2,105.5,105.8
2012-05-04,108.1,108.6,106.1,106.85,106.75
2012-05-03,109.0,109.5,108.15,108.75,108.65
2012-05-02,110.8,111.85,109.1,109.45,109.6
2012-04-30,108.1,112.05,108.1,111.9,111.25
2012-04-28,108.0,108.9,107.65,108.4,108.6
2012-04-27,108.2,110.0,107.75,107.85,108.25
2012-04-26,109.35,110.8,107.25,108.9,108.1
2012-04-25,109.8,110.45,107.7,108.55,108.45
2012-04-24,111.1,111.5,109.25,109.8,110.0
2012-04-23,113.45,114.5,110.2,110.25,110.75
2012-04-20,114.2,115.35,113.3,114.0,113.85
2012-04-19,113.5,115.0,113.3,114.9,114.65
2012-04-18,113.7,115.25,113.2,113.2,113.85
2012-04-17,111.15,113.9,111.0,113.5,113.6
2012-04-16,111.95,112.75,111.25,111.4,111.85
2012-04-13,112.0,113.3,110.55,112.0,112.0
2012-04-12,111.65,113.8,111.1,111.4,111.75
2012-04-11,109.05,112.0,109.05,111.8,111.7
2012-04-10,109.7,111.3,109.1,110.5,110.4
2012-04-09,110.1,110.85,108.55,109.7,109.7
2012-04-04,110.05,111.3,109.25,110.9,110.85
2012-04-03,109.15,110.5,108.5,110.15,110.1
2012-04-02,108.1,109.35,107.65,109.05,108.6
2012-03-30,105.8,109.35,105.8,108.0,108.15
2012-03-29,106.2,106.5,105.0,105.8,105.8
2012-03-28,106.25,106.9,105.25,106.6,106.2
2012-03-27,107.0,107.15,104.8,106.2,105.75
2012-03-26,107.0,107.5,105.25,106.2,105.95
2012-03-23,106.6,108.2,105.7,107.8,107.7
2012-03-22,108.0,108.7,105.3,105.5,106.25
2012-03-21,107.4,109.4,106.7,108.3,108.75
2012-03-20,107.85,108.8,106.5,107.2,107.45
2012-03-19,108.2,108.45,105.4,107.95,107.85
2012-03-16,110.5,112.0,107.25,107.3,107.8
2012-03-15,112.3,113.3,109.75,110.5,110.35
2012-03-14,112.25,113.4,111.55,113.2,112.6
2012-03-13,111.35,112.15,110.0,111.05,111.35
2012-03-12,111.0,111.85,109.85,111.15,110.85
2012-03-09,109.1,110.75,109.1,110.4,110.15
2012-03-07,110.0,110.3,106.8,108.5,108.6
2012-03-06,110.3,111.8,109.6,110.2,111.05
2012-03-05,111.9,112.35,109.15,111.05,110.3
2012-03-03,111.85,112.5,111.6,111.95,111.9
2012-03-02,112.35,113.0,111.3,112.0,112.25
2012-03-01,111.85,113.6,111.5,112.1,112.5
2012-02-29,112.25,113.9,112.0,113.0,113.0
2012-02-28,112.0,113.4,110.75,111.45,111.8
2012-02-27,115.0,115.0,111.1,112.0,111.55
2012-02-24,113.05,115.2,112.8,114.2,114.3
2012-02-23,109.6,114.1,109.6,112.65,112.65
2012-02-22,110.35,112.7,109.7,110.0,109.95
2012-02-21,111.55,112.0,110.25,111.15,110.55
2012-02-17,112.0,113.5,111.0,111.75,111.7
2012-02-16,110.3,112.25,109.25,110.3,110.7
2012-02-15,109.5,113.1,109.3,110.75,110.7
2012-02-14,109.5,110.25,108.75,109.5,109.4
2012-02-13,106.35,110.5,106.35,109.3,109.65
2012-02-10,107.4,109.25,106.0,107.25,107.35
2012-02-09,110.05,110.5,107.9,108.75,108.8
2012-02-08,108.6,110.75,106.15,107.9,107.7
2012-02-07,109.5,110.25,106.85,107.3,107.75
2012-02-06,107.7,109.5,106.35,109.45,109.0
2012-02-03,105.55,108.3,105.35,106.5,106.95
2012-02-02,103.2,106.05,102.65,105.5,105.1
2012-02-01,104.4,104.4,102.65,102.75,102.95
2012-01-31,102.0,104.8,101.6,103.8,104.1
2012-01-30,102.0,103.5,101.25,101.55,101.75
2012-01-27,101.5,104.95,101.15,102.95,103.15
2012-01-25,101.1,101.5,99.55,101.0,100.85
2012-01-24,100.8,101.5,100.05,100.5,100.55
2012-01-23,102.0,103.25,100.65,100.8,101.0
2012-01-20,100.0,102.2,99.9,102.1,101.45
2012-01-19,99.55,101.2,99.1,99.85,99.95
2012-01-18,100.85,101.25,98.3,98.85,99.1
2012-01-17,100.5,101.25,100.1,100.55,100.5
2012-01-16,100.8,101.95,99.75,99.95,100.15
2012-01-13,100.6,102.2,100.5,102.0,101.95
2012-01-12,101.4,101.4,99.45,100.35,100.55
2012-01-11,102.7,102.7,99.9,100.15,100.2
2012-01-10,101.05,103.3,101.05,102.55,102.6
2012-01-09,99.1,101.8,99.1,101.45,101.4
2012-01-07,99.9,100.25,99.65,99.7,99.85
2012-01-06,101.2,101.3,98.85,99.75,99.75
2012-01-05,101.45,102.25,100.65,101.05,101.3
2012-01-04,100.8,102.3,99.35,101.25,101.5
2012-01-03,100.35,101.35,100.0,101.0,100.9
2012-01-02,99.65,100.25,98.55,99.8,100.0
2011-12-30,100.0,100.8,99.35,100.1,100.1
2011-12-29,100.0,100.5,99.2,100.05,100.0
2011-12-28,99.2,100.95,98.4,100.55,100.2
2011-12-27,100.75,100.8,97.15,99.2,98.95
2011-12-26,100.6,101.1,100.2,100.35,100.85
2011-12-23,100.5,101.95,99.55,100.9,101.25
2011-12-22,97.75,101.0,97.5,100.85,100.65
2011-12-21,98.5,98.85,97.0,97.8,97.9
2011-12-20,99.45,99.45,96.75,97.3,97.55
2011-12-19,96.6,99.85,96.25,99.8,99.15
2011-12-16,99.25,101.3,96.6,97.7,98.1
2011-12-15,94.95,100.35,94.9,99.4,99.35
2011-12-14,98.95,99.5,96.0,96.1,96.35
2011-12-13,96.4,99.9,95.6,99.5,99.1
2011-12-12,99.0,99.4,95.7,96.75,96.6
2011-12-09,97.55,98.75,97.1,98.75,98.55
2011-12-08,102.95,103.4,99.0,99.4,99.4
2011-12-07,102.05,104.55,101.85,102.9,103.15
2011-12-05,102.2,103.45,101.85,102.45,102.65
2011-12-02,100.05,104.0,99.9,103.05,103.4
2011-12-01,100.0,102.0,99.5,99.95,100.0
2011-11-30,95.45,99.9,95.3,98.85,99.1
2011-11-29,97.4,97.8,95.0,95.0,95.2
2011-11-28,97.1,97.75,96.2,97.1,97.1
2011-11-25,95.65,97.2,94.8,96.25,96.4
2011-11-24,95.9,96.5,94.65,95.0,95.3
2011-11-23,97.35,97.7,94.15,95.5,95.05
2011-11-22,99.5,99.5,97.1,97.7,97.9
2011-11-21,99.5,101.0,98.4,99.0,99.05
2011-11-18,103.0,103.5,98.35,100.15,100.95
2011-11-17,103.5,105.35,102.8,103.0,103.15
2011-11-16,102.7,105.35,102.7,104.3,104.2
2011-11-15,104.05,105.65,103.25,103.5,103.6
2011-11-14,105.8,107.0,104.55,104.65,105.35
2011-11-11,103.5,105.75,103.0,105.1,105.45
2011-11-09,104.0,104.65,103.4,103.5,103.55
2011-11-08,103.85,104.0,103.4,103.65,103.85
2011-11-04,105.0,105.0,103.4,103.9,103.85
2011-11-03,103.5,104.55,103.05,104.25,104.1
2011-11-02,103.0,103.95,102.4,103.2,103.1
2011-11-01,104.25,105.15,103.0,103.2,103.65
2011-10-31,105.0,105.6,103.4,105.4,104.85
2011-10-28,105.5,108.0,103.25,104.95,105.0
2011-10-26,103.4,104.9,103.4,103.65,103.95
2011-10-25,100.8,104.75,100.6,103.9,103.9
2011-10-24,100.25,101.25,100.1,100.5,100.75
2011-10-21,98.75,100.1,98.25,99.5,99.0
2011-10-20,99.1,99.9,98.7,99.0,99.0
2011-10-19,99.0,100.5,98.45,99.7,99.95
2011-10-18,97.0,98.7,97.0,98.6,98.15
2011-10-17,98.8,99.2,97.3,97.6,97.85
2011-10-14,98.75,100.05,98.55,98.65,98.9
2011-10-13,99.1,99.9,98.3,99.6,99.35
2011-10-12,99.7,99.8,98.1,99.1,99.1
2011-10-11,98.5,99.05,97.5,98.7,98.7
2011-10-10,96.6,98.4,96.6,98.0,98.05
2011-10-07,96.9,98.85,96.5,97.05,97.25
2011-10-05,96.05,97.05,95.5,96.1,95.9
2011-10-04,96.8,98.05,95.6,95.9,95.85
2011-10-03,97.95,98.15,96.2,97.4,97.35
2011-09-30,97.0,99.1,97.0,99.0,98.45
2011-09-29,96.8,98.95,96.15,97.9,97.45
2011-09-28,96.8,97.6,95.9,97.15,97.35
2011-09-27,96.45,97.3,95.55,96.45,96.65
2011-09-26,96.05,96.45,94.55,95.05,95.25
2011-09-23,95.5,97.2,94.7,96.45,96.05
2011-09-22,98.4,98.45,95.7,96.6,96.25
2011-09-21,98.3,99.7,98.15,99.7,99.25
2011-09-20,97.75,99.9,97.75,98.75,98.8
2011-09-19,98.4,100.25,97.55,97.85,97.95
2011-09-16,96.4,100.25,95.75,99.35,99.65
2011-09-15,95.2,96.4,93.9,96.1,96.0
2011-09-14,95.05,95.35,93.55,94.9,94.95
2011-09-13,94.85,95.35,94.25,94.65,94.6
2011-09-12,95.05,95.7,93.5,94.1,94.35
2011-09-09,96.1,96.95,95.45,96.0,96.1
2011-09-08,97.6,97.8,95.35,96.1,96.2
2011-09-07,95.7,97.75,95.6,97.05,96.8
2011-09-06,96.9,96.9,94.25,95.35,95.35
2011-09-05,99.15,99.5,96.7,97.6,97.15
2011-09-02,103.2,105.0,98.35,99.05,99.35
2011-08-30,101.0,101.1,99.25,100.75,100.2
2011-08-29,97.2,100.15,97.0,100.1,99.95
2011-08-26,99.7,100.0,96.6,96.85,97.45
2011-08-25,102.05,102.5,99.0,99.3,99.7
2011-08-24,102.4,102.75,100.3,102.0,102.05
2011-08-23,103.35,104.4,101.0,101.05,101.2
2011-08-22,101.0,103.6,99.75,103.6,103.2
2011-08-19,100.0,102.55,99.55,100.8,101.05
2011-08-18,103.5,103.85,101.65,101.7,102.65
2011-08-17,102.7,104.7,102.7,102.85,103.15
2011-08-16,104.05,104.9,103.1,103.2,103.6
2011-08-12,103.75,104.6,103.0,104.05,103.6
2011-08-11,102.35,104.25,102.3,102.75,103.0
2011-08-10,102.55,104.4,102.05,103.0,103.55
2011-08-09,99.0,103.7,99.0,102.5,101.9
2011-08-08,98.55,103.85,98.4,101.3,102.45
2011-08-05,100.5,103.7,100.15,102.75,102.3
2011-08-04,105.6,106.9,103.8,104.4,104.5
2011-08-03,106.55,107.65,103.1,106.0,104.65
2011-08-02,107.4,108.3,106.75,107.5,107.95
2011-08-01,105.1,108.7,105.1,107.2,107.45
2011-07-29,104.0,107.65,102.35,106.9,105.1
2011-07-28,106.1,107.0,103.65,104.75,105.55
2011-07-27,108.65,109.15,106.5,106.95,107.15
2011-07-26,108.0,109.85,107.25,109.0,109.0
2011-07-25,109.4,109.5,107.3,108.3,108.5
2011-07-22,108.0,110.15,107.35,109.8,109.55
2011-07-21,109.0,109.5,107.15,107.8,108.0
2011-07-20,109.65,110.45,108.85,109.3,109.15
2011-07-19,108.7,110.35,108.6,109.5,109.85
2011-07-18,110.45,110.9,109.05,109.05,109.35
2011-07-15,108.35,112.2,108.35,110.3,110.25
2011-07-14,109.5,110.3,108.3,108.3,109.1
2011-07-13,108.3,111.3,108.2,110.3,110.2
2011-07-12,107.7,109.0,106.55,107.85,108.2
2011-07-11,108.55,108.8,106.3,108.05,108.0
2011-07-08,109.25,110.75,108.85,108.95,109.2
2011-07-07,109.5,110.3,108.45,109.9,109.95
2011-07-06,109.25,109.7,108.55,109.05,109.05
2011-07-05,110.0,110.35,108.0,109.05,109.6
2011-07-04,110.35,111.4,109.7,110.4,110.45
2011-07-01,110.0,110.75,109.4,110.05,110.25
2011-06-30,110.0,111.5,108.05,109.8,109.5
2011-06-29,109.3,110.5,108.9,110.0,110.1
2011-06-28,109.4,109.9,108.1,109.2,109.1
2011-06-27,102.25,109.35,102.25,108.9,108.35
2011-06-24,102.0,104.15,101.8,103.55,103.65
2011-06-23,102.05,102.8,101.8,102.5,102.25
2011-06-22,101.35,102.4,101.05,102.4,102.3
2011-06-21,101.8,102.45,100.4,101.5,101.35
2011-06-20,102.05,103.7,99.05,102.0,101.95
2011-06-17,101.6,103.0,101.55,103.0,102.7
2011-06-16,101.6,102.5,100.85,102.45,102.0
2011-06-15,103.75,103.85,101.35,101.55,101.8
2011-06-14,102.15,104.0,102.15,103.9,103.7
2011-06-13,101.0,103.0,100.55,102.55,102.55
2011-06-10,101.5,101.8,100.5,101.1,101.2
2011-06-09,101.0,101.85,100.9,101.7,101.5
2011-06-08,100.55,101.5,100.35,101.15,101.35
2011-06-07,101.15,101.7,100.85,101.5,101.45
2011-06-06,100.8,101.75,99.7,101.6,101.5
2011-06-03,99.25,101.9,99.25,101.2,101.0
2011-06-02,100.0,101.2,99.0,99.6,99.25
2011-06-01,100.55,101.25,99.85,100.65,100.65
2011-05-31,99.2,101.4,99.0,100.35,101.05
2011-05-30,98.0,99.25,97.15,98.95,99.0
2011-05-27,95.7,97.95,95.7,97.6,97.65
2011-05-26,97.5,97.9,95.0,96.0,95.55
2011-05-25,99.0,99.45,96.45,96.9,97.05
2011-05-24,99.95,101.4,98.4,98.9,98.8
2011-05-23,100.3,100.3,99.0,99.9,99.6
2011-05-20,98.65,101.6,98.35,100.6,101.0
2011-05-19,101.4,101.95,98.35,99.25,98.85
2011-05-18,101.8,102.9,101.1,101.25,101.35
2011-05-17,101.8,102.5,101.35,101.45,101.5
2011-05-16,101.6,102.2,101.3,101.7,101.8
2011-05-13,101.3,102.7,101.05,101.8,101.35
2011-05-12,104.15,104.15,101.2,101.6,101.4
2011-05-11,102.15,104.5,102.15,104.2,104.15
2011-05-10,102.55,103.7,102.0,102.3,102.35
2011-05-09,103.15,103.8,102.5,102.6,102.7
2011-05-06,102.1,103.65,101.9,103.05,103.1
2011-05-05,104.0,104.3,100.8,102.9,101.85
2011-05-04,103.65,104.6,102.55,104.3,104.3
2011-05-03,106.0,106.5,103.6,104.0,104.0
2011-05-02,104.0,106.8,104.0,106.2,106.4
2011-04-29,104.05,105.5,103.65,104.5,104.55
2011-04-28,104.15,104.5,103.65,104.05,104.05
2011-04-27,104.5,105.0,103.75,104.5,104.35
2011-04-26,105.0,105.15,103.1,104.55,104.3
2011-04-25,104.0,105.4,104.0,104.6,104.55
2011-04-21,104.25,105.0,103.8,105.0,104.6
2011-04-20,104.75,104.75,103.1,104.25,104.25
2011-04-19,104.75,104.75,103.0,103.15,103.45
2011-04-18,105.0,106.15,103.85,104.65,104.2
2011-04-15,105.05,105.7,104.65,105.0,105.05
2011-04-13,103.1,105.8,103.05,105.25,105.25
2011-04-11,104.05,104.95,103.6,104.25,104.25
2011-04-08,105.05,105.45,103.6,105.0,104.9
2011-04-07,105.05,106.7,104.4,105.05,104.95
2011-04-06,105.0,106.9,104.65,105.25,105.05
2011-04-05,105.5,106.25,104.15,105.0,105.2
2011-04-04,104.2,107.25,104.2,105.7,105.9
2011-04-01,101.35,105.5,101.35,105.05,104.85
2011-03-31,101.0,102.85,100.3,101.0,101.9
2011-03-30,100.0,101.35,99.85,101.0,101.0
2011-03-29,99.1,100.35,98.75,99.9,99.8
2011-03-28,98.05,99.4,97.9,99.35,99.1
2011-03-25,98.2,98.4,97.55,98.35,98.15
2011-03-24,98.0,98.2,97.15,98.2,97.95
2011-03-23,97.35,98.35,97.1,97.6,97.45
2011-03-22,97.9,97.9,96.8,97.3,97.35
2011-03-21,97.8,98.1,97.25,97.5,97.4
2011-03-18,98.5,99.0,97.6,97.6,97.95
2011-03-17,97.8,98.55,97.8,98.45,98.35
2011-03-16,98.05,99.0,98.0,98.45,98.6
2011-03-15,97.85,98.25,97.05,98.2,97.75
2011-03-14,97.65,99.1,97.65,98.8,98.8
2011-03-11,97.5,98.6,97.5,98.2,98.05
2011-03-10,98.0,98.9,97.3,98.25,98.4
2011-03-09,98.0,98.5,97.6,98.05,98.05
2011-03-08,98.0,98.9,95.7,97.9,97.95
2011-03-07,98.9,98.9,96.1,98.25,98.05
2011-03-04,99.3,99.95,98.65,99.0,99.0
2011-03-03,98.55,100.9,98.55,99.05,99.3
2011-03-01,99.5,100.1,98.0,99.75,99.5
2011-02-28,100.3,104.4,97.7,98.15,98.95
2011-02-25,98.55,99.85,96.45,99.5,99.2
2011-02-24,99.5,100.0,96.9,98.4,98.25
2011-02-23,98.5,100.25,98.5,99.55,99.6
2011-02-22,98.5,98.9,97.8,98.9,98.45
2011-02-21,97.05,99.0,97.05,99.0,98.95
2011-02-18,98.6,99.0,97.2,97.6,98.1
2011-02-17,98.6,98.95,98.25,98.75,98.6
2011-02-16,98.45,98.8,98.2,98.5,98.6
2011-02-15,98.5,99.25,97.8,98.5,98.75
2011-02-14,96.55,99.25,96.05,98.5,98.55
2011-02-11,96.5,97.5,95.75,96.5,96.4
2011-02-10,95.65,97.25,95.05,95.25,95.4
2011-02-09,97.0,97.2,94.75,96.5,95.9
2011-02-08,99.0,99.0,95.45,95.9,95.7
2011-02-07,97.35,98.5,96.5,98.1,97.8
2011-02-04,98.45,100.2,97.15,97.55,97.3
2011-02-03,95.5,98.95,95.05,98.55,98.65
2011-02-02,96.05,96.5,94.35,95.25,95.55
2011-02-01,97.0,97.6,95.5,95.55,95.65
2011-01-31,95.85,98.4,95.2,96.85,96.55
2011-01-28,98.5,98.8,95.2,96.7,96.55
2011-01-27,98.3,99.5,93.15,98.2,98.8
2011-01-25,99.0,99.45,98.05,98.4,98.4
2011-01-24,98.15,99.25,97.9,98.55,98.55
2011-01-21,98.25,99.0,97.9,98.85,98.85
2011-01-20,97.0,99.0,97.0,98.95,98.9
2011-01-19,97.85,99.0,97.4,97.5,97.9
2011-01-18,97.2,98.9,97.2,98.7,98.65
2011-01-17,96.5,98.0,95.65,97.5,97.75
2011-01-14,96.5,99.15,96.25,97.05,97.6
2011-01-13,97.2,97.45,96.45,96.85,96.75
2011-01-12,96.7,97.45,95.5,97.1,97.25
2011-01-11,96.8,98.0,95.2,96.65,96.05
2011-01-10,97.8,98.6,95.95,96.05,96.15
2011-01-07,99.0,99.9,97.15,97.45,97.85
2011-01-06,98.2,99.75,97.8,98.9,99.0
2011-01-05,98.4,98.85,97.7,98.0,98.1
2011-01-04,98.45,98.9,97.75,98.2,98.4
2011-01-03,98.45,98.75,97.85,98.0,98.3
2010-12-31,96.9,98.5,96.75,98.3,98.3
2010-12-30,95.7,97.55,94.65,97.05,96.6
2010-12-29,96.05,96.5,95.5,95.65,95.7
2010-12-28,96.5,96.95,95.9,96.0,96.15
2010-12-27,97.5,97.8,96.35,96.35,96.7
2010-12-24,96.5,98.0,96.5,97.5,97.75
2010-12-23,97.55,98.1,97.1,97.2,97.25
2010-12-22,97.4,98.3,97.15,97.85,97.95
2010-12-21,96.0,98.1,95.9,97.1,97.15
2010-12-20,95.75,97.1,95.5,95.8,95.85
2010-12-16,96.7,96.75,95.35,96.0,96.1
2010-12-15,97.0,97.3,96.25,96.45,96.65
2010-12-14,98.0,98.5,96.75,97.1,97.05
2010-12-13,96.1,98.25,95.95,98.2,97.9
2010-12-10,95.4,96.45,94.6,96.05,96.1
2010-12-09,97.8,98.25,95.0,96.0,95.6
2010-12-08,98.2,98.75,97.3,97.75,97.85
2010-12-07,98.95,99.5,98.1,99.0,98.95
2010-12-06,100.0,100.3,98.8,99.0,99.7
2010-12-03,99.0,100.35,97.25,100.0,99.8
2010-12-02,97.4,99.1,96.55,98.6,99.0
2010-12-01,94.6,97.25,94.4,96.5,96.85
2010-11-30,93.1,95.1,91.8,95.0,94.95
2010-11-29,95.75,96.0,93.0,93.4,93.85
2010-11-26,95.75,96.75,93.45,96.45,96.45
2010-11-25,95.0,97.25,93.3,96.75,96.55
2010-11-24,96.5,98.25,96.0,96.65,97.1
2010-11-23,99.1,100.4,97.0,97.7,98.45
2010-11-22,101.0,101.9,98.7,101.15,101.45
2010-11-19,100.5,103.25,100.3,101.8,101.9
2010-11-18,101.1,102.25,99.45,101.75,101.4
2010-11-16,101.75,101.75,99.9,100.2,100.15
2010-11-15,100.0,102.8,100.0,100.6,101.2
2010-11-12,100.85,101.95,99.0,99.2,99.55
2010-11-11,102.0,103.7,100.8,101.5,101.25
2010-11-10,104.0,105.25,101.65,102.15,102.0
2010-11-09,98.7,105.0,98.4,103.25,103.8
2010-11-08,97.25,99.4,96.3,98.2,98.35
2010-11-05,102.0,102.9,101.2,102.5,102.05
2010-11-04,100.8,104.35,100.0,101.2,101.5
2010-11-03,100.0,100.6,99.05,100.5,100.45
2010-11-02,100.0,100.45,98.05,100.25,100.1
2010-11-01,100.8,101.7,100.3,100.5,100.65
2010-10-29,100.1,102.0,100.0,100.4,100.4
2010-10-28,102.7,102.7,99.2,100.6,99.95
2010-10-27,102.85,103.25,101.6,101.7,101.85
2010-10-26,104.0,104.4,101.8,102.1,102.2
2010-10-25,107.1,107.9,103.35,103.7,103.75
2010-10-22,106.95,108.8,105.7,106.8,106.9
2010-10-21,106.3,107.0,105.2,105.55,105.6
2010-10-20,105.8,106.25,103.75,104.2,104.25
2010-10-19,107.2,107.5,104.8,105.45,105.35
2010-10-18,108.4,108.7,105.8,106.7,106.75
2010-10-15,107.0,108.45,105.7,106.25,106.75
2010-10-14,110.4,110.8,106.0,106.9,106.95
2010-10-13,109.8,111.0,109.3,109.85,109.85
2010-10-12,110.0,110.15,108.2,109.3,109.45
2010-10-11,111.6,111.75,109.5,109.9,109.9
2010-10-08,109.5,110.7,108.65,109.85,109.5
2010-10-07,111.75,112.4,108.4,108.85,109.25
2010-10-06,112.5,113.65,110.95,111.5,111.75
2010-10-05,109.7,112.6,109.6,112.2,111.9
2010-10-04,109.25,110.5,107.85,109.9,109.7
2010-10-01,106.9,109.25,106.9,108.75,108.5
2010-09-30,108.8,109.8,106.15,106.6,106.5
2010-09-29,107.1,110.45,107.1,108.6,108.65
2010-09-28,106.0,107.15,105.6,106.8,106.9
2010-09-27,107.1,107.1,105.3,105.8,105.85
2010-09-24,105.05,105.8,104.45,105.25,105.55
2010-09-23,105.6,106.25,104.7,104.75,105.05
2010-09-22,105.75,106.8,105.3,105.8,105.85
2010-09-21,106.55,107.0,105.3,105.55,105.65
2010-09-20,105.8,106.25,105.4,105.5,105.65
2010-09-17,106.25,106.45,105.0,105.35,105.25
2010-09-16,106.9,107.9,105.3,105.6,105.65
2010-09-15,105.05,107.3,105.05,107.3,106.85
2010-09-14,105.1,106.35,104.55,104.95,105.05
2010-09-13,105.8,106.5,104.85,105.65,105.55
2010-09-09,106.9,107.0,104.15,104.65,104.5
2010-09-08,106.7,107.1,105.75,106.2,106.5
2010-09-07,108.5,108.5,106.25,106.5,106.7
2010-09-06,107.0,108.8,107.0,108.15,108.05
2010-09-03,108.4,109.1,107.8,108.0,108.0
2010-09-02,109.1,109.1,107.05,107.55,107.6
2010-09-01,108.8,109.7,107.3,107.95,108.2
2010-08-31,108.9,110.75,107.5,108.7,108.8
2010-08-30,105.4,109.5,105.0,108.55,108.75
2010-08-27,105.9,106.5,103.7,104.3,104.35
2010-08-26,103.9,106.2,103.0,104.9,105.45
2010-08-25,102.5,104.0,102.35,103.0,103.05
2010-08-24,104.95,104.95,102.55,102.85,103.05
2010-08-23,103.7,104.9,102.3,104.45,104.35
2010-08-20,104.5,105.1,103.0,103.1,103.2
2010-08-19,106.0,106.0,103.15,104.2,104.35
2010-08-18,105.65,106.25,102.65,104.0,103.95
2010-08-17,106.45,107.3,104.6,105.5,105.0
2010-08-16,102.4,107.5,102.4,105.5,105.3
2010-08-13,100.35,102.2,99.65,102.0,101.9
2010-08-12,99.6,100.2,99.5,99.95,99.75
2010-08-11,101.0,101.6,100.0,100.6,100.15
2010-08-10,102.95,102.95,101.05,101.5,101.5
2010-08-09,100.75,102.4,100.6,102.05,102.15
2010-08-06,99.25,101.25,99.0,99.55,99.55
2010-08-05,99.55,100.8,98.5,98.7,98.8
2010-08-04,100.5,100.5,98.65,100.25,100.15
2010-08-03,100.8,100.8,99.7,99.8,99.9
2010-08-02,101.0,101.4,100.3,100.6,100.55
2010-07-30,100.5,101.2,100.15,100.4,100.4
2010-07-29,100.2,101.95,99.75,100.1,100.35
2010-07-28,101.5,102.6,100.75,101.05,101.25
2010-07-27,100.15,101.8,100.15,101.05,101.15
2010-07-26,101.0,101.45,100.0,101.1,101.0
2010-07-23,102.4,102.4,100.6,100.8,101.0
2010-07-22,100.7,102.7,100.0,101.3,101.45
2010-07-21,100.35,100.35,99.6,99.8,99.9
2010-07-20,100.5,100.65,99.7,99.7,99.85
2010-07-19,99.1,101.4,99.1,100.0,100.05
2010-07-16,101.45,101.45,100.0,100.5,100.35
2010-07-15,101.5,101.65,100.55,100.6,100.75
2010-07-14,101.9,102.0,100.45,100.7,100.7
2010-07-13,100.8,101.45,100.25,101.0,101.0
2010-07-12,102.15,102.5,100.7,101.0,100.95
2010-07-09,102.5,102.7,101.65,101.85,101.95
2010-07-08,104.0,104.0,101.85,102.0,102.0
2010-07-07,103.0,104.8,102.55,102.8,102.7
2010-07-06,102.1,102.45,101.8,102.0,102.05
2010-07-05,103.0,103.9,100.0,101.8,102.1
2010-07-02,103.6,104.25,103.1,103.4,103.55
2010-07-01,103.7,104.05,102.5,103.15,103.25
2010-06-30,102.0,104.5,101.6,104.25,104.1
2010-06-29,103.75,104.75,102.1,102.5,102.55
2010-06-28,101.4,103.75,101.4,103.5,103.25
2010-06-25,101.1,102.2,100.9,101.25,101.35
2010-06-24,102.1,102.8,101.0,101.3,101.45
2010-06-23,102.0,102.85,101.9,102.3,102.3
2010-06-22,103.5,103.75,102.1,102.4,102.6
2010-06-21,103.2,103.75,102.85,103.15,103.4
2010-06-18,102.6,103.9,101.9,102.95,102.85
2010-06-17,102.65,103.35,102.25,102.95,102.85
2010-06-16,103.3,104.2,102.4,102.4,102.65
2010-06-15,103.1,103.5,102.5,103.35,103.3
2010-06-14,102.95,103.35,101.7,103.1,103.05
2010-06-11,102.5,103.0,101.2,101.3,101.4
2010-06-10,102.8,103.7,101.5,101.8,101.95
2010-06-09,103.05,103.85,102.15,102.4,102.45
2010-06-08,104.45,105.0,102.65,103.4,103.05
2010-06-07,104.4,104.95,102.0,104.65,104.45
2010-06-04,106.0,106.15,104.8,105.9,105.75
2010-06-03,104.9,105.95,104.4,105.9,105.6
2010-06-02,104.4,104.65,103.0,104.5,104.4
2010-06-01,105.0,105.0,102.85,104.0,104.05
2010-05-31,103.25,103.65,102.15,103.6,103.3
2010-05-28,101.35,103.9,101.35,103.0,103.05
2010-05-27,104.5,104.5,100.2,102.0,101.35
2010-05-26,102.9,104.0,102.4,103.3,103.2
2010-05-25,102.0,102.25,100.05,101.0,100.9
2010-05-24,103.6,104.05,102.1,102.3,102.75
2010-05-21,101.15,104.2,100.35,103.0,103.35
2010-05-20,102.25,104.6,101.25,104.0,104.1
2010-05-19,104.0,104.0,102.1,102.9,102.7
2010-05-18,104.95,104.95,103.1,103.9,104.0
2010-05-17,105.0,105.9,103.05,103.7,103.65
2010-05-14,107.25,108.4,105.5,105.75,106.25
2010-05-13,107.5,108.6,106.5,108.0,108.35
2010-05-12,107.6,107.65,106.1,107.35,106.85
2010-05-11,108.9,108.9,106.45,106.75,106.75
2010-05-10,106.3,108.65,106.2,107.9,108.1
2010-05-07,105.5,106.75,105.05,105.8,106.0
2010-05-06,106.5,107.5,105.4,106.75,106.75
2010-05-05,107.0,107.7,106.2,107.6,107.25
2010-05-04,109.4,109.95,107.15,107.4,107.5
2010-05-03,109.95,109.95,109.1,109.35,109.35
2010-04-30,111.5,111.5,109.8,110.3,110.05
2010-04-29,113.9,113.9,109.6,109.85,110.45
2010-04-28,112.5,120.5,108.1,112.55,114.9
2010-04-27,110.25,114.65,110.1,113.5,113.2
2010-04-26,110.0,111.35,109.7,110.55,110.4
2010-04-23,109.0,110.0,108.4,109.5,109.65
2010-04-22,109.7,111.65,107.6,108.65,108.65
2010-04-21,108.0,111.2,107.9,110.2,110.05
2010-04-20,107.5,108.85,106.55,107.7,107.95
2010-04-19,107.4,107.9,106.5,107.5,107.55
2010-04-16,107.3,108.2,107.1,108.1,107.9
2010-04-15,108.5,108.9,107.3,108.0,107.65
2010-04-13,107.5,109.2,107.4,108.05,107.75
2010-04-12,109.1,110.5,108.1,108.35,108.45
2010-04-09,111.2,111.45,109.3,109.95,109.65
2010-04-08,112.0,112.9,108.15,110.55,111.15
2010-04-07,107.1,111.0,107.1,110.9,110.55
2010-04-06,108.0,108.0,106.9,107.25,107.2
2010-04-05,108.0,108.25,106.75,107.35,107.55
2010-04-01,107.5,107.6,106.5,106.8,106.65
2010-03-31,107.0,107.6,105.3,107.25,107.15
2010-03-30,106.75,107.5,106.5,106.7,106.7
2010-03-29,107.45,107.65,106.1,107.0,106.75
2010-03-26,106.55,107.5,105.85,106.8,106.75
2010-03-25,108.45,108.45,106.0,106.6,106.45
2010-03-23,107.75,108.9,106.8,107.75,107.95
2010-03-22,107.0,109.1,106.65,107.0,107.55
2010-03-19,106.0,109.25,105.6,108.35,108.2
2010-03-18,105.55,106.9,102.15,106.0,106.1
2010-03-17,105.1,106.85,105.1,106.7,106.35
2010-03-16,104.05,105.25,103.55,104.8,104.95
2010-03-15,106.5,106.5,104.2,104.6,104.65
2010-03-12,106.05,107.4,105.55,106.45,106.3
2010-03-11,109.0,110.2,106.1,107.0,106.8
2010-03-10,108.9,109.7,108.15,109.3,109.1
2010-03-09,110.0,110.4,108.5,108.5,108.8
2010-03-08,109.0,110.7,108.5,110.15,110.05
2010-03-05,109.0,109.65,108.0,108.0,108.25
2010-03-04,109.0,109.5,108.3,108.75,108.8
2010-03-03,106.55,109.0,106.55,108.65,108.7
2010-03-02,107.6,109.5,107.0,108.0,107.55
2010-02-26,107.0,108.9,106.0,107.55,107.55
2010-02-25,107.0,107.0,105.1,106.25,106.45
2010-02-24,106.2,106.9,105.65,106.2,106.25
2010-02-23,107.0,107.2,106.05,106.9,106.6
2010-02-22,107.4,108.35,106.75,106.85,107.0
2010-02-19,108.15,108.15,106.5,106.75,107.15
2010-02-18,107.25,109.45,106.2,108.4,108.15
2010-02-17,107.5,107.75,106.7,107.15,107.1
2010-02-16,105.0,107.5,104.8,107.25,106.75
2010-02-15,107.3,108.5,104.8,105.0,104.9
2010-02-11,107.5,108.25,106.95,107.05,107.05
2010-02-10,108.5,108.65,107.05,107.15,107.3
2010-02-09,108.1,109.0,107.55,108.0,108.1
2010-02-08,108.5,108.95,106.8,108.1,108.5
2010-02-06,108.0,108.9,107.1,108.3,107.75
2010-02-05,110.6,111.0,107.0,107.1,107.4
2010-02-04,112.5,114.25,111.7,112.25,112.0
2010-02-03,114.0,114.25,112.5,112.75,112.95
2010-02-02,113.4,115.5,112.5,113.35,113.7
2010-02-01,112.25,113.65,112.0,112.8,112.95
2010-01-29,112.9,113.7,111.05,112.4,112.7
2010-01-28,115.9,117.95,108.3,114.0,113.9
2010-01-27,115.3,117.4,112.2,113.7,113.3
2010-01-25,114.3,117.0,112.05,116.15,115.3
2010-01-22,110.0,114.95,109.75,113.65,114.3
2010-01-21,116.5,117.45,113.05,113.5,113.65
2010-01-20,116.25,117.95,115.9,116.85,116.9
2010-01-19,117.5,118.9,115.65,115.7,116.25
2010-01-18,118.75,120.0,117.1,117.5,117.6
2010-01-15,118.35,121.45,117.35,118.6,118.65
2010-01-14,115.5,118.5,115.05,117.15,117.35
2010-01-13,113.25,115.5,111.8,115.15,114.95
2010-01-12,114.2,115.5,112.8,113.65,113.25
2010-01-11,116.0,116.25,114.6,114.95,114.9
2010-01-08,115.1,115.8,114.05,115.05,114.85
2010-01-07,113.9,115.25,112.7,114.55,114.55
2010-01-06,113.6,114.4,113.0,113.3,113.55
2010-01-05,113.0,114.4,112.25,112.25,112.75
2010-01-04,110.2,113.15,110.1,112.15,112.4
2009-12-31,109.7,112.9,109.25,110.45,110.15
2009-12-30,109.5,110.5,108.55,108.8,108.85
2009-12-29,109.75,111.35,109.2,109.25,109.7
2009-12-24,109.5,111.25,108.05,108.75,108.8
2009-12-23,107.0,110.45,106.8,109.3,109.55
2009-12-22,104.65,107.4,104.05,107.0,106.5
2009-12-21,104.05,104.9,103.8,104.9,104.55
2009-12-18,104.55,105.25,103.6,104.5,104.55
2009-12-17,105.9,105.9,104.35,104.55,104.65
2009-12-16,104.5,105.2,103.55,104.8,104.55
2009-12-15,105.15,105.5,104.2,104.55,104.95
2009-12-14,105.0,105.75,104.55,104.8,104.95
2009-12-11,106.0,106.75,104.75,105.0,105.15
2009-12-10,104.0,106.2,104.0,105.5,105.5
2009-12-09,104.6,105.4,103.8,103.9,104.0
2009-12-08,103.8,105.25,103.2,104.1,104.7
2009-12-07,103.95,104.2,103.4,103.5,103.5
2009-12-04,102.5,104.4,102.25,104.0,103.75
2009-12-03,103.2,103.8,102.85,103.1,103.1
2009-12-02,102.6,103.7,101.8,103.1,103.05
2009-12-01,102.0,103.4,100.0,102.35,102.5
2009-11-30,103.0,103.75,95.05,103.0,99.8
2009-11-27,102.9,103.5,100.4,102.5,102.15
2009-11-26,103.9,104.7,102.6,103.9,103.1
2009-11-25,104.0,104.85,103.8,104.5,104.7
2009-11-24,106.5,106.5,103.55,103.75,103.85
2009-11-23,107.0,107.2,105.4,106.0,106.2
2009-11-20,105.1,107.2,104.7,107.05,106.8
2009-11-19,104.8,105.5,104.1,105.0,104.6
2009-11-18,105.0,105.8,104.05,104.8,104.45
2009-11-17,105.4,105.4,103.75,105.0,104.9
2009-11-16,106.0,106.85,104.1,104.25,104.95
2009-11-13,106.5,107.25,104.1,105.1,104.75
2009-11-12,110.1,110.1,105.55,106.0,106.35
2009-11-11,105.85,108.95,105.0,108.75,108.55
2009-11-10,108.0,108.0,104.5,105.1,105.2
2009-11-09,107.65,107.75,105.05,107.75,107.35
2009-11-06,107.9,108.35,106.2,106.35,106.7
2009-11-05,104.25,107.0,102.45,106.65,106.55
2009-11-04,103.65,104.9,100.3,104.8,104.45
2009-11-03,103.5,105.65,101.7,102.05,102.4
2009-10-30,107.9,107.9,103.1,103.4,104.35
2009-10-29,106.1,108.95,105.0,105.5,105.8
2009-10-28,109.0,109.0,106.2,108.0,107.6
2009-10-27,108.9,110.25,108.55,108.75,109.1
2009-10-26,109.5,111.0,108.7,109.5,109.95
2009-10-23,110.0,110.5,109.0,110.3,110.3
2009-10-22,110.5,111.4,101.0,109.5,109.1
2009-10-21,111.8,112.7,110.7,111.05,111.4
2009-10-20,111.5,113.7,111.1,111.9,111.85
2009-10-17,112.1,113.5,111.5,111.5,111.8
2009-10-16,113.0,113.5,111.55,111.8,112.0
2009-10-15,111.15,114.0,111.15,112.5,112.45
2009-10-14,109.3,112.0,108.35,110.9,111.15
2009-10-12,108.0,108.75,107.65,108.3,108.3
2009-10-09,108.5,108.8,107.05,108.0,107.85
2009-10-08,109.0,109.4,107.6,107.6,107.9
2009-10-07,110.0,110.4,108.25,108.4,108.8
2009-10-06,109.65,109.9,107.25,109.9,109.5
2009-10-05,108.9,109.55,108.15,109.35,108.9
2009-10-01,110.1,111.0,109.35,109.5,109.7
2009-09-30,111.2,112.4,109.6,109.9,109.95
2009-09-29,113.0,113.3,110.5,110.65,110.95
2009-09-25,111.0,112.7,110.5,111.35,111.3
2009-09-24,111.0,113.35,109.9,111.5,111.4
2009-09-23,108.6,111.8,108.3,110.5,110.1
2009-09-22,108.0,108.8,107.7,108.05,108.0
2009-09-18,107.1,108.25,107.1,108.0,107.85
2009-09-17,108.45,108.65,107.05,108.0,108.05
2009-09-16,108.1,108.85,106.7,107.95,107.8
2009-09-15,108.6,108.75,106.8,107.7,107.3
2009-09-14,107.5,108.4,107.0,108.05,108.0
2009-09-11,108.2,108.8,106.65,108.0,108.2
2009-09-10,106.8,108.65,106.15,107.3,107.4
2009-09-09,108.0,108.0,105.0,105.2,105.45
2009-09-08,107.65,109.3,107.55,108.0,108.05
2009-09-07,108.9,109.15,106.6,107.1,107.0
2009-09-04,106.6,107.4,104.75,107.35,107.15
2009-09-03,109.0,109.0,105.5,105.9,106.35
2009-09-02,106.0,108.2,105.5,108.0,107.9
2009-09-01,107.9,108.5,105.7,106.5,106.55
2009-08-31,106.9,108.2,106.2,107.8,107.6
2009-08-28,108.8,109.35,106.4,107.7,107.6
2009-08-27,109.45,110.45,107.4,107.75,108.05
2009-08-26,110.0,111.4,108.5,109.6,109.45
2009-08-25,109.9,110.9,108.75,109.75,109.95
2009-08-24,108.9,109.35,107.7,108.85,108.65
2009-08-21,107.0,108.1,105.05,107.6,107.7
2009-08-20,107.4,107.95,106.5,106.85,107.15
2009-08-19,109.75,109.95,105.75,106.1,106.1
2009-08-18,106.7,109.0,105.0,109.0,108.75
2009-08-17,110.0,111.4,105.9,106.5,106.45
2009-08-14,111.0,114.0,111.0,111.5,111.9
2009-08-13,112.9,112.9,110.6,112.5,111.75
2009-08-12,105.0,111.35,105.0,110.0,109.9
2009-08-11,112.6,112.6,109.25,110.75,111.35
2009-08-10,113.9,114.8,109.75,110.0,110.65
2009-08-07,112.0,114.5,111.15,112.8,112.8
2009-08-06,114.4,115.8,111.7,113.1,112.55
2009-08-05,116.5,116.5,113.0,114.75,114.85
2009-08-04,119.85,119.85,115.5,115.65,115.9
2009-08-03,118.6,119.25,116.8,117.4,117.3
2009-07-31,119.9,121.25,116.8,117.5,117.4
2009-07-30,118.1,120.65,117.7,118.15,119.05
2009-07-29,117.9,118.0,112.8,117.25,117.4
2009-07-28,116.7,117.0,114.1,116.4,116.3
2009-07-27,115.9,115.9,112.5,114.95,114.65
2009-07-24,116.45,116.45,112.15,113.0,113.05
2009-07-23,112.4,114.7,109.1,113.5,113.6
2009-07-22,110.5,112.7,107.6,109.3,108.85
2009-07-21,112.7,112.7,108.5,110.0,110.2
2009-07-20,112.05,114.0,110.8,111.7,111.95
2009-07-17,112.8,112.8,110.1,112.1,111.7
2009-07-16,114.4,114.4,108.0,110.85,110.85
2009-07-15,109.5,111.7,108.2,111.1,111.05
2009-07-14,104.75,108.9,103.65,108.55,108.0
2009-07-13,103.5,105.3,99.25,103.0,103.1
2009-07-10,103.5,106.4,101.1,103.1,102.65
2009-07-09,102.5,104.2,100.2,102.65,102.9
2009-07-08,103.9,103.9,98.7,102.0,101.9
2009-07-07,108.9,108.9,103.0,104.6,104.55
2009-07-06,114.8,117.5,102.5,104.15,103.65
2009-07-03,109.45,113.75,107.25,113.5,112.95
2009-07-02,110.85,110.85,106.75,110.05,110.1
2009-07-01,109.55,110.3,105.0,107.2,107.0
2009-06-30,112.0,113.45,107.8,109.5,109.4
2009-06-29,114.05,114.05,110.5,111.15,111.45
2009-06-26,109.9,111.5,106.05,110.55,110.85
2009-06-25,109.0,110.45,105.55,107.9,107.05
2009-06-24,110.8,110.8,106.25,108.2,107.55
2009-06-23,104.0,108.9,103.25,106.85,107.35
2009-06-22,108.0,109.4,105.0,106.05,106.35
2009-06-19,112.95,112.95,104.2,108.15,108.05
2009-06-18,119.0,119.5,107.7,110.25,109.45
2009-06-17,125.8,125.8,117.1,118.25,119.05
2009-06-16,122.8,123.75,118.25,122.8,122.85
2009-06-15,123.7,123.7,118.5,122.5,121.95
2009-06-12,123.0,124.2,118.1,120.8,121.25
2009-06-11,124.95,125.5,121.2,122.25,122.6
2009-06-10,125.7,125.7,120.6,122.2,122.3
2009-06-09,120.7,122.45,116.35,121.55,121.05
2009-06-08,125.0,127.25,118.65,120.05,120.95
2009-06-05,126.9,128.5,122.85,125.1,125.05
2009-06-04,126.5,126.9,121.7,124.9,125.5
2009-06-03,121.0,126.5,118.0,125.3,125.6
2009-06-02,121.0,123.7,116.2,119.05,119.05
2009-06-01,117.9,120.8,114.3,120.25,120.1
2009-05-29,114.0,116.0,112.55,114.1,114.95
2009-05-28,112.0,113.9,107.15,112.75,112.0
2009-05-27,110.0,114.0,107.75,109.8,109.7
2009-05-26,117.5,117.65,105.4,107.5,107.75
2009-05-25,119.95,120.0,115.2,116.0,116.6
2009-05-22,118.9,122.8,116.5,119.0,118.7
2009-05-21,119.9,124.0,116.55,117.5,117.45
2009-05-20,123.0,130.0,112.0,118.35,118.8
2009-05-19,114.0,123.9,107.0,118.0,118.05
2009-05-18,114.0,120.0,108.1,118.0,117.05
2009-05-15,99.5,101.9,99.3,101.25,100.95
2009-05-14,99.9,101.5,96.75,99.05,99.35
2009-05-13,102.0,102.45,98.25,99.1,99.2
2009-05-12,98.3,101.65,96.15,101.0,101.2
2009-05-11,97.1,99.95,96.7,97.15,97.35
2009-05-08,97.0,101.0,95.6,97.35,97.35
2009-05-07,97.0,97.9,95.5,97.0,97.1
2009-05-06,96.95,98.6,95.25,96.7,96.35
2009-05-05,95.0,97.0,93.5,96.15,95.95
2009-05-04,94.85,95.9,93.55,93.9,94.05
2009-04-29,93.9,94.5,91.2,93.1,92.6
2009-04-28,97.85,98.9,91.5,91.75,92.0
2009-04-27,100.0,100.0,96.05,97.15,96.75
2009-04-24,101.4,101.6,98.1,99.75,100.05
2009-04-23,97.45,100.85,95.05,100.55,100.05
2009-04-22,102.4,102.4,95.25,97.25,96.65
2009-04-21,101.4,102.25,99.1,100.5,100.0
2009-04-20,100.9,103.9,95.55,102.3,101.9
2009-04-17,96.8,101.6,94.1,98.3,97.5
2009-04-16,98.4,98.8,93.75,94.25,94.6
2009-04-15,94.0,97.75,94.0,97.15,97.1
2009-04-13,96.5,97.5,93.25,94.3,94.65
2009-04-09,99.5,100.9,95.25,95.8,95.95
2009-04-08,91.5,98.7,89.5,98.25,97.4
2009-04-06,94.0,95.35,91.85,92.4,92.5
2009-04-02,93.9,95.0,92.65,93.8,93.6
2009-04-01,99.9,99.9,91.5,91.9,91.95
2009-03-31,97.8,97.8,90.05,96.5,95.6
2009-03-30,96.7,96.7,87.5,94.8,94.55
2009-03-27,97.5,97.5,93.7,94.7,94.55
2009-03-26,99.95,99.95,94.3,96.25,96.25
2009-03-25,97.55,99.0,95.65,97.05,97.05
2009-03-24,99.5,100.15,97.0,97.4,98.4
2009-03-23,95.95,99.0,95.8,98.55,98.2
2009-03-20,95.95,97.35,95.05,96.3,96.6
2009-03-19,92.0,96.75,92.0,96.55,96.2
2009-03-18,86.0,98.35,86.0,95.2,95.6
2009-03-17,96.55,97.8,95.1,96.1,96.3
2009-03-16,95.5,96.6,92.75,96.2,95.9
2009-03-13,95.0,95.5,92.6,94.6,94.9
2009-03-12,93.95,94.45,91.1,93.0,93.6
2009-03-09,93.0,93.0,90.1,90.55,90.95
2009-03-06,90.3,92.9,90.0,92.75,92.55
2009-03-05,92.85,92.85,90.3,91.85,91.7
2009-03-04,90.8,92.45,89.5,91.65,91.55
2009-03-03,92.9,93.5,88.5,89.1,89.1
2009-03-02,92.0,94.55,91.1,91.2,92.4
2009-02-27,91.5,100.5,91.1,94.7,96.9
2009-02-26,91.95,93.4,89.55,92.75,92.9
2009-02-25,92.8,95.95,90.6,92.0,91.55
2009-02-24,86.6,92.7,82.0,90.95,91.8
2009-02-20,87.0,87.7,85.25,86.65,86.3
2009-02-19,88.0,90.0,86.85,88.5,88.15
2009-02-18,85.5,88.9,83.05,88.0,87.85
2009-02-17,89.35,89.35,85.05,85.8,85.5
2009-02-16,95.4,95.4,88.15,88.85,89.45
2009-02-13,92.5,94.75,92.0,93.6,93.8
2009-02-12,86.45,91.7,85.5,91.3,90.7
2009-02-11,86.0,87.0,83.5,86.8,86.5
2009-02-10,87.7,88.15,84.7,86.05,86.3
2009-02-09,89.8,89.8,84.2,86.45,86.45
2009-02-06,85.95,87.45,85.5,86.7,86.4
2009-02-05,85.0,87.5,84.4,85.3,85.25
2009-02-04,87.5,89.6,82.1,86.0,85.75
2009-02-03,76.6,87.0,76.6,85.6,84.95
2009-02-02,88.0,89.0,82.4,83.2,83.6
2009-01-30,88.9,88.95,86.0,88.15,88.25
2009-01-29,92.9,92.9,87.05,88.0,90.45
2009-01-28,90.9,91.5,88.0,91.0,91.05
2009-01-27,86.0,90.25,83.0,88.35,89.05
2009-01-23,86.45,87.3,82.4,86.05,86.25
2009-01-22,83.8,86.2,80.2,85.5,85.05
2009-01-21,88.9,88.9,80.1,80.4,81.2
2009-01-20,78.35,89.0,75.0,87.9,87.0
2009-01-19,77.4,78.9,75.05,78.35,78.25
2009-01-16,75.6,76.45,72.5,75.8,75.35
2009-01-15,73.5,74.15,71.5,73.15,73.05
2009-01-14,75.4,75.4,72.1,74.1,74.15
2009-01-13,75.0,75.95,72.9,74.0,74.0
2009-01-12,79.0,79.0,72.1,75.0,75.1
2009-01-09,84.0,84.0,73.3,77.8,77.15
2009-01-07,84.7,84.7,72.65,77.3,77.55
2009-01-06,85.6,85.6,80.5,82.2,81.85
2009-01-05,85.75,85.75,81.4,82.6,82.45
2009-01-02,85.75,85.75,82.75,84.4,84.35
2009-01-01,85.9,85.9,80.15,83.55,83.95
2008-12-31,84.4,84.4,81.3,83.35,83.15
2008-12-30,82.1,83.5,79.1,81.9,82.15
2008-12-29,81.5,82.95,79.0,82.7,82.3
2008-12-26,84.85,84.85,78.5,81.1,80.6
2008-12-24,67.5,82.95,67.5,80.0,80.45
2008-12-23,83.0,84.35,81.25,81.5,81.85
2008-12-22,80.65,84.25,80.65,84.0,83.55
2008-12-19,82.0,84.5,79.55,82.75,83.5
2008-12-18,75.6,80.5,75.6,79.8,79.65
2008-12-17,79.5,79.5,75.3,77.0,77.35
2008-12-16,75.0,78.4,71.0,78.3,77.45
2008-12-15,75.9,76.25,74.0,74.6,74.6
2008-12-12,73.9,74.25,71.8,73.25,73.4
2008-12-11,77.95,77.95,74.55,75.5,75.75
2008-12-10,81.5,81.5,75.5,76.3,76.6
2008-12-08,79.75,80.4,74.5,78.0,77.85
2008-12-05,75.05,81.4,75.05,77.2,77.65
2008-12-04,66.5,79.0,66.5,78.6,78.6
2008-12-03,73.5,75.95,71.25,74.6,75.0
2008-12-02,72.9,73.6,70.5,73.0,72.8
2008-12-01,75.5,78.4,73.15,73.45,73.45
2008-11-28,73.0,75.5,71.1,75.1,74.05
2008-11-26,74.4,76.4,72.25,74.75,75.25
2008-11-25,76.25,77.15,73.0,73.05,73.6
2008-11-24,75.8,76.65,71.7,75.2,75.45
2008-11-21,68.75,75.9,67.0,75.5,73.6
2008-11-20,70.0,70.5,66.25,69.2,69.2
2008-11-19,72.0,74.25,69.05,69.2,69.95
2008-11-18,75.6,75.6,70.3,71.1,71.7
2008-11-17,78.3,78.3,69.0,75.3,75.8
2008-11-14,72.4,76.0,71.9,73.35,72.8
2008-11-12,77.9,77.9,72.15,72.4,73.05
2008-11-11,77.5,79.45,74.5,75.5,76.25
2008-11-10,77.8,78.9,75.45,77.2,77.15
2008-11-07,69.5,77.7,69.0,77.25,75.45
2008-11-06,71.0,74.75,68.55,70.5,70.0
2008-11-05,78.8,78.8,71.0,72.0,72.4
2008-11-04,71.0,75.75,70.65,75.35,75.15
2008-11-03,73.8,73.9,69.5,72.55,72.0
2008-10-31,69.1,72.0,66.4,69.95,69.85
2008-10-29,66.0,69.8,60.0,67.5,65.65
2008-10-28,62.0,65.7,62.0,63.95,63.3
2008-10-27,61.7,62.0,52.0,59.15,58.0
2008-10-24,70.0,71.0,62.0,62.9,62.85
2008-10-23,74.0,74.7,71.1,71.7,72.2
2008-10-22,79.5,80.1,75.15,75.4,75.9
2008-10-21,80.45,84.5,78.0,80.1,80.3
2008-10-20,79.05,82.8,77.15,80.05,79.65
2008-10-17,86.9,87.5,77.6,78.4,78.75
2008-10-16,87.3,87.3,83.5,85.5,85.15
2008-10-15,88.8,90.45,87.6,88.25,88.55
2008-10-14,92.0,94.9,88.6,88.8,89.3
2008-10-13,90.15,92.2,89.55,91.4,91.5
2008-10-10,89.9,91.75,83.05,89.25,89.7
2008-10-08,87.9,91.0,84.1,89.9,90.25
2008-10-07,88.0,92.9,88.0,90.85,90.95
2008-10-06,88.9,90.0,86.25,88.0,88.05
2008-10-03,89.1,91.0,87.5,90.5,89.9
2008-10-01,86.9,89.5,85.15,89.45,88.65
2008-09-30,81.0,89.0,81.0,85.75,85.8
2008-09-29,91.5,91.5,84.0,86.6,85.65
2008-09-26,90.9,90.9,87.4,88.3,88.95
2008-09-25,93.55,93.95,88.25,91.75,90.4
2008-09-24,91.5,94.3,90.3,93.8,93.3
2008-09-23,91.2,93.25,89.5,90.6,91.2
2008-09-22,97.0,101.0,91.55,91.55,92.3
2008-09-19,91.05,94.85,90.0,94.35,94.35
2008-09-18,88.0,90.7,82.55,89.1,88.95
2008-09-17,92.8,92.8,88.0,89.25,89.15
2008-09-16,86.25,92.3,85.0,91.4,91.5
2008-09-15,92.3,93.75,87.05,89.5,89.75
2008-09-12,95.5,98.4,94.25,94.4,95.8
2008-09-11,97.0,97.0,94.1,94.7,94.85
2008-09-10,97.8,99.1,96.5,97.75,97.45
2008-09-09,97.95,99.1,96.05,98.4,98.3
2008-09-08,98.0,101.9,97.0,97.95,97.95
2008-09-05,94.0,94.1,92.0,93.1,93.05
2008-09-04,96.1,96.9,94.35,95.0,95.15
2008-09-02,93.0,97.6,92.2,97.0,97.2
2008-09-01,92.2,92.75,90.5,92.4,92.35
2008-08-29,91.0,93.45,90.6,92.9,93.1
2008-08-28,91.0,92.0,88.25,90.5,89.4
2008-08-27,93.1,93.75,90.25,90.6,90.75
2008-08-26,91.5,92.9,90.9,92.9,92.6
2008-08-25,93.7,93.7,91.8,93.0,92.45
2008-08-22,95.6,95.6,89.1,91.5,91.45
2008-08-21,93.0,93.95,91.3,92.15,92.4
2008-08-20,93.0,94.15,92.75,93.45,93.4
2008-08-19,93.95,94.5,90.45,93.05,92.35
2008-08-18,95.0,97.0,93.2,94.2,94.1
2008-08-14,97.0,98.0,95.0,95.05,95.2
2008-08-13,96.0,98.5,95.25,98.25,97.55
2008-08-12,99.5,100.0,96.4,97.4,97.15
2008-08-11,99.2,100.3,98.1,98.55,98.85
2008-08-08,98.5,100.4,97.6,97.95,97.95
2008-08-07,96.55,101.9,96.55,99.2,99.65
2008-08-06,106.15,106.15,99.2,100.0,99.9
2008-08-05,98.5,103.25,97.5,103.0,102.5
2008-08-04,95.55,99.9,95.55,98.15,98.1
2008-08-01,93.25,97.9,90.0,97.65,97.5
2008-07-31,99.9,99.9,93.5,93.8,94.75
2008-07-30,95.1,99.0,95.1,98.5,98.2
2008-07-29,96.0,97.5,93.5,94.6,94.25
2008-07-28,99.0,100.95,97.1,98.1,98.2
2008-07-25,97.75,102.2,95.25,99.0,99.0
2008-07-24,92.65,104.3,92.65,99.0,98.8
2008-07-23,99.9,104.4,98.1,103.0,102.4
2008-07-22,91.9,96.5,91.1,96.0,95.65
2008-07-21,88.5,92.45,87.05,91.0,91.9
2008-07-18,83.9,87.7,81.45,87.25,87.0
2008-07-17,80.0,83.0,80.0,82.45,82.4
2008-07-16,80.6,82.0,77.05,79.35,78.4
2008-07-15,82.0,82.9,80.0,80.0,80.6
2008-07-14,82.0,87.1,82.0,84.55,84.1
2008-07-11,89.1,90.2,83.4,84.35,84.05
2008-07-10,84.55,89.3,82.2,88.8,88.25
2008-07-09,80.1,84.9,80.1,84.75,84.55
2008-07-08,71.0,81.0,71.0,79.45,79.05
2008-07-07,76.15,79.9,76.15,76.6,76.8
2008-07-04,73.0,76.6,72.5,75.0,75.15
2008-07-03,75.5,76.15,72.0,73.9,74.15
2008-07-02,73.0,76.95,70.65,76.5,76.15
2008-07-01,78.5,78.5,70.15,72.6,72.95
2008-06-30,80.05,80.8,76.25,77.6,78.5
2008-06-27,81.0,82.8,79.65,79.9,80.1
2008-06-26,79.75,87.4,79.75,87.1,83.8
2008-06-25,80.0,80.95,77.5,79.1,79.3
2008-06-24,84.15,85.4,80.7,80.95,81.55
2008-06-23,86.5,86.8,83.3,84.05,84.15
2008-06-20,90.0,90.35,86.05,87.35,87.2
2008-06-19,89.4,91.0,87.8,89.35,89.25
2008-06-18,91.0,93.2,91.0,91.0,91.2
2008-06-17,89.9,92.0,87.1,91.2,91.3
2008-06-16,86.4,90.0,86.1,88.8,88.65
2008-06-13,86.05,86.9,84.75,84.95,85.65
2008-06-12,84.5,86.7,82.0,86.2,86.2
2008-06-11,86.0,87.0,85.0,85.4,85.6
2008-06-10,85.0,85.9,83.25,85.5,85.2
2008-06-09,86.0,87.9,82.0,87.8,85.8
2008-06-06,87.5,90.65,85.75,87.0,87.0
2008-06-05,88.0,88.6,85.0,87.55,87.95
2008-06-04,90.5,91.45,87.55,88.0,88.1
2008-06-03,93.0,94.0,90.05,90.9,90.9
2008-06-02,98.0,100.0,93.0,93.45,94.4
2008-05-30,102.1,102.5,98.2,98.5,98.6
2008-05-29,101.25,103.0,98.9,102.5,101.85
2008-05-28,97.0,100.8,95.3,100.8,100.2
2008-05-27,99.8,100.9,96.2,96.9,96.65
2008-05-26,95.0,100.25,95.0,99.95,99.65
2008-05-23,101.5,102.9,100.0,100.1,100.4
2008-05-22,101.0,102.6,101.0,102.05,102.1
2008-05-21,100.5,105.0,100.5,103.15,103.5
2008-05-20,102.0,103.25,101.8,102.9,102.85
2008-05-16,103.0,103.35,101.8,103.05,103.05
2008-05-15,100.0,103.4,100.0,102.3,102.25
2008-05-14,100.0,102.75,100.0,101.8,102.2
2008-05-13,102.2,102.8,101.2,102.1,102.05
2008-05-12,101.75,102.5,99.5,102.0,101.75
2008-05-09,101.0,104.4,100.2,101.55,101.75
2008-05-08,102.8,103.4,101.75,102.1,102.35
2008-05-07,105.0,105.7,102.0,103.8,103.6
2008-05-06,105.15,107.2,104.5,105.25,105.1
2008-05-05,107.9,108.5,105.3,106.0,106.0
2008-05-02,107.15,109.5,106.3,106.45,106.5
2008-04-30,105.9,106.9,105.0,105.5,105.55
2008-04-29,104.0,105.85,103.5,105.1,104.85
2008-04-28,103.1,105.4,103.0,103.35,103.4
2008-04-25,104.0,104.45,101.6,103.4,103.0
2008-04-24,107.0,107.2,101.25,102.6,102.15
2008-04-23,106.0,107.15,104.5,105.85,105.9
2008-04-22,104.0,107.0,103.0,105.6,105.8
2008-04-21,104.0,105.9,103.0,104.15,104.1
2008-04-17,100.15,104.8,99.05,102.4,102.45
2008-04-16,101.0,101.7,98.25,98.5,98.65
2008-04-15,97.9,100.5,96.2,100.5,100.0
2008-04-11,99.0,99.5,97.5,98.5,98.5
2008-04-10,96.0,98.75,95.65,98.2,98.05
2008-04-09,96.2,97.0,95.05,96.2,96.15
2008-04-08,98.25,98.45,95.2,95.6,95.9
2008-04-07,98.95,99.4,97.25,98.4,98.4
2008-04-04,99.95,99.95,96.9,99.0,98.8
2008-04-03,100.35,100.8,98.5,99.1,99.3
2008-04-02,99.0,103.0,99.0,100.0,100.1
2008-04-01,99.0,99.9,97.25,98.45,98.5
2008-03-31,99.0,99.45,97.0,98.15,98.3
2008-03-28,99.25,99.75,96.4,99.0,99.0
2008-03-27,95.6,99.75,95.6,99.3,98.8
2008-03-26,97.0,99.4,96.0,96.15,97.05
2008-03-25,96.55,98.25,94.8,98.0,97.65
2008-03-24,96.7,96.7,92.05,94.5,94.1
2008-03-19,97.0,103.8,92.6,92.75,93.2
2008-03-18,91.7,94.45,90.2,93.0,92.65
2008-03-17,93.8,93.8,89.9,91.7,91.85
2008-03-14,91.95,96.0,90.1,95.75,95.6
2008-03-13,101.0,102.0,87.0,89.7,89.45
2008-03-12,109.3,110.0,102.7,103.05,103.7
2008-03-11,97.5,107.4,95.2,106.7,106.4
2008-03-10,98.8,99.0,92.65,98.15,98.3
2008-03-07,103.0,103.0,95.0,98.45,99.15
2008-03-05,103.1,105.0,100.1,104.8,104.5
2008-03-04,106.0,106.4,100.0,103.2,102.6
2008-03-03,105.1,108.8,104.1,104.35,105.3
2008-02-29,110.8,113.0,108.1,109.2,109.9
2008-02-28,109.5,112.35,108.0,112.3,111.5
2008-02-27,103.95,113.8,103.95,108.8,108.45
2008-02-26,103.0,103.9,101.95,102.0,102.45
2008-02-25,102.4,103.3,99.6,102.0,102.05
2008-02-22,99.1,101.85,98.05,101.25,101.2
2008-02-21,103.45,104.25,101.25,102.7,102.5
2008-02-20,103.4,103.45,100.65,102.4,101.8
2008-02-19,107.45,107.7,103.6,104.1,104.4
2008-02-18,108.55,108.55,104.65,105.35,105.55
2008-02-15,102.8,107.0,100.05,105.85,106.15
2008-02-14,97.0,104.25,97.0,104.0,103.2
2008-02-13,98.0,99.25,92.95,95.3,94.9
2008-02-12,101.0,101.65,95.5,96.25,96.3
2008-02-11,107.0,107.0,97.0,97.85,98.05
2008-02-08,109.0,109.9,103.55,105.25,105.5
2008-02-07,112.1,115.95,107.6,108.0,108.3
2008-02-06,111.5,115.0,107.3,113.3,113.65
2008-02-05,111.4,116.15,109.0,115.0,114.65
2008-02-04,107.75,112.5,107.75,111.8,111.2
2008-02-01,103.95,106.5,103.0,106.25,105.75
2008-01-31,110.5,110.8,101.0,102.4,102.2
2008-01-30,116.0,116.5,107.9,108.9,109.35
2008-01-29,118.0,119.7,114.0,115.5,115.75
2008-01-28,114.85,118.6,105.5,116.75,117.7
2008-01-25,116.0,117.0,111.75,116.25,116.45
2008-01-24,116.45,118.6,105.5,111.0,110.75
2008-01-23,101.0,114.75,101.0,112.0,110.5
2008-01-22,99.6,105.0,78.95,100.0,99.4
2008-01-21,132.0,132.0,96.25,110.5,110.5
2008-01-18,138.5,138.65,132.0,133.2,133.15
2008-01-17,136.5,142.75,133.6,139.0,139.65
2008-01-16,137.85,139.0,132.55,136.2,136.0
2008-01-15,145.5,146.1,137.7,137.95,138.85
2008-01-14,141.3,144.7,139.05,144.45,143.2
2008-01-11,140.85,142.4,135.5,141.4,141.05
2008-01-10,143.0,147.0,138.0,138.75,138.95
2008-01-09,144.8,145.45,142.0,142.1,142.35
2008-01-08,149.9,152.0,142.9,144.85,144.65
2008-01-07,150.05,153.2,148.15,150.0,149.75
2008-01-04,154.0,156.0,150.0,151.0,151.0
2008-01-03,144.9,152.4,143.15,151.7,151.8
2008-01-02,146.6,147.7,143.65,145.5,145.8
2008-01-01,144.7,147.95,143.35,146.5,146.6
2007-12-31,144.0,144.8,142.2,143.75,143.95
2007-12-28,141.5,143.5,140.0,142.9,142.9
2007-12-27,143.7,145.7,140.6,142.5,141.8
2007-12-26,137.4,142.5,137.4,141.8,140.8
2007-12-24,134.6,138.8,133.5,136.65,136.65
2007-12-20,135.7,136.8,132.0,133.2,132.6
2007-12-19,140.85,142.05,132.8,135.0,133.95
2007-12-18,135.5,141.0,132.2,137.25,136.45
2007-12-17,146.7,147.5,135.0,138.5,137.05
2007-12-14,146.8,148.15,145.1,145.5,145.85
2007-12-13,150.85,152.0,146.7,147.05,147.3
2007-12-12,148.0,151.15,147.0,149.9,149.8
2007-12-11,151.95,152.8,149.15,150.0,149.9
2007-12-10,151.9,152.45,148.65,150.55,150.6
2007-12-07,152.05,154.2,147.75,150.1,150.45
2007-12-06,157.3,159.65,149.15,151.6,151.1
2007-12-05,148.3,154.5,148.0,154.3,153.95
2007-12-04,151.0,152.25,146.95,148.55,148.05
2007-12-03,149.7,151.85,148.55,149.75,150.0
2007-11-30,145.0,148.8,143.0,148.0,147.9
2007-11-29,150.0,150.8,140.55,142.0,142.4
2007-11-28,151.8,152.5,145.35,146.5,146.35
2007-11-27,154.9,154.9,147.0,148.5,148.55
2007-11-26,156.7,156.7,151.1,152.25,152.3
2007-11-23,151.0,152.0,142.6,151.95,151.1
2007-11-22,145.2,151.1,135.55,144.55,141.7
2007-11-21,160.1,161.05,143.2,148.85,146.75
2007-11-20,161.0,165.5,157.2,159.8,159.15
2007-11-19,159.55,167.5,158.35,161.8,161.65
2007-11-16,156.4,159.55,154.2,156.55,156.0
2007-11-15,157.4,159.85,154.15,156.95,157.1
2007-11-14,159.3,161.5,153.7,154.4,154.5
2007-11-13,155.5,159.7,150.55,157.0,156.55
2007-11-12,144.8,155.6,140.85,155.3,152.9
2007-11-09,155.0,155.0,146.7,147.3,148.7
2007-11-08,148.0,153.35,146.0,149.7,149.3
2007-11-07,157.0,159.2,148.5,152.0,151.9
2007-11-06,154.8,163.9,152.05,155.25,154.15
2007-11-05,149.0,155.5,148.1,152.15,152.15
2007-11-02,141.15,150.0,140.0,149.85,149.1
2007-11-01,153.5,154.65,145.25,145.7,146.45
2007-10-31,147.5,153.1,147.0,149.55,149.8
2007-10-30,145.5,150.7,141.2,147.05,146.75
2007-10-29,143.0,147.0,142.3,143.1,143.55
2007-10-26,139.0,142.95,135.25,140.85,140.7
2007-10-25,132.25,139.8,120.65,137.3,136.6
2007-10-24,142.0,143.5,135.35,136.5,136.9
2007-10-23,133.0,140.3,133.0,139.8,139.05
2007-10-22,128.9,133.85,125.5,129.65,129.8
2007-10-19,129.0,136.9,125.0,131.85,131.55
2007-10-18,139.0,149.45,126.35,128.2,132.0
2007-10-17,114.0,140.0,106.1,135.35,136.8
2007-10-16,115.3,128.9,114.5,128.3,126.9
2007-10-15,116.0,116.7,114.15,115.4,115.15
2007-10-12,112.0,117.9,111.0,114.25,113.65
2007-10-11,120.0,120.0,102.0,114.85,114.4
2007-10-10,104.6,105.0,102.0,102.65,102.9
2007-10-09,95.5,102.85,90.35,102.1,101.95
2007-10-08,104.0,104.0,94.85,95.3,95.45
2007-10-05,89.8,109.5,83.15,100.2,100.6
