Date,Open,High,Low,Close,Volume
Date,Open,High,Low,Last,Close
2016-08-26,155.45,156.95,154.3,155.55,155.5
2016-08-25,156.95,157.8,153.5,154.15,154.25
2016-08-24,156.3,157.6,155.4,157.2,157.0
2016-08-23,155.5,156.95,153.8,155.85,155.55
2016-08-22,158.0,158.0,155.3,156.15,156.05
2016-08-19,156.8,159.45,156.25,158.7,158.95
2016-08-18,156.5,157.15,154.0,154.6,154.35
2016-08-17,154.35,156.8,153.95,155.85,155.95
2016-08-16,147.7,155.55,146.6,154.45,154.65
2016-08-12,143.0,149.25,143.0,146.0,146.35
2016-08-11,145.6,146.0,138.5,142.65,142.25
2016-08-10,147.0,149.15,144.55,145.85,145.8
2016-08-09,150.2,150.25,145.4,146.65,146.6
2016-08-08,146.25,152.15,146.0,148.95,149.15
2016-08-05,139.0,144.25,138.5,144.0,143.7
2016-08-04,136.5,137.95,135.4,137.7,137.1
2016-08-03,135.4,137.25,133.6,135.65,135.7
2016-08-02,137.4,138.25,134.6,135.4,135.5
2016-08-01,134.5,138.8,134.1,137.2,136.6
2016-07-29,134.95,135.65,132.15,133.2,133.55
2016-07-28,134.0,135.6,132.1,134.95,134.25
2016-07-27,132.65,134.6,131.2,133.6,133.8
2016-07-26,135.2,136.8,131.0,131.65,131.65
2016-07-25,136.5,136.9,133.9,135.1,135.2
2016-07-22,133.2,137.0,130.35,136.35,136.0
2016-07-21,137.15,137.5,133.5,133.65,133.9
2016-07-20,138.85,139.3,134.3,136.15,135.9
2016-07-19,136.9,139.5,136.6,138.1,138.0
2016-07-18,137.9,141.45,136.15,136.85,137.25
2016-07-15,136.9,138.0,135.55,137.6,137.4
2016-07-14,136.0,137.35,133.75,136.15,135.8
2016-07-13,136.0,139.9,134.7,135.45,135.8
2016-07-12,130.35,136.2,130.0,135.0,135.25
2016-07-11,128.3,129.75,128.05,128.7,129.05
2016-07-08,128.7,128.7,125.5,127.15,126.85
2016-07-07,125.0,128.7,124.6,128.0,127.7
2016-07-05,126.0,127.4,123.3,123.35,123.65
2016-07-04,126.1,126.75,125.5,126.0,125.95
2016-07-01,124.0,125.5,123.15,124.75,124.75
2016-06-30,122.4,123.45,121.25,123.15,122.85
2016-06-29,119.0,121.3,118.6,119.8,119.95
2016-06-28,119.9,121.05,117.75,118.15,118.05
2016-06-27,115.95,120.8,115.9,120.0,119.8
2016-06-24,118.35,119.6,112.0,116.8,117.3
2016-06-23,122.1,124.5,121.65,124.0,123.9
2016-06-22,123.95,123.95,120.1,122.2,122.2
2016-06-21,122.25,124.65,121.6,123.2,123.5
2016-06-20,117.45,121.35,117.3,121.0,121.05
2016-06-17,120.1,120.25,117.95,118.6,118.8
2016-06-16,115.35,119.45,114.35,119.2,119.05
2016-06-15,116.25,116.7,114.2,115.75,115.75
2016-06-14,114.95,115.85,114.1,115.4,115.6
2016-06-13,113.5,115.5,111.35,115.35,114.7
2016-06-10,110.45,115.9,110.45,115.6,115.3
2016-06-09,109.0,112.6,108.95,110.7,110.9
2016-06-08,109.75,110.45,108.0,109.1,109.35
2016-06-07,107.25,110.25,107.0,109.65,109.5
2016-06-06,105.05,108.0,104.55,106.45,106.85
2016-06-03,106.7,106.9,104.1,105.4,105.55
2016-06-02,102.75,106.35,102.2,106.2,106.05
2016-06-01,105.35,105.75,102.6,103.4,103.1
2016-05-31,103.1,107.65,102.5,105.1,105.25
2016-05-30,100.0,103.5,98.15,102.8,102.95
2016-05-27,91.0,92.7,90.85,92.0,91.9
2016-05-26,88.9,90.7,87.65,90.7,90.3
2016-05-25,89.0,89.25,87.55,88.8,88.75
2016-05-24,87.1,87.45,83.5,86.65,86.3
2016-05-23,87.95,88.45,86.3,87.2,86.9
2016-05-20,87.6,88.55,86.45,86.9,86.95
2016-05-19,89.05,90.9,86.3,86.85,87.05
2016-05-18,88.2,89.6,87.25,89.4,89.15
2016-05-17,90.55,91.2,88.9,89.0,89.1
2016-05-16,89.75,90.55,88.1,89.8,89.8
2016-05-13,93.4,93.4,88.85,89.55,89.3
2016-05-12,92.3,93.75,92.0,93.75,93.4
2016-05-11,89.5,92.8,88.8,91.3,91.6
2016-05-10,91.05,91.05,89.2,89.9,89.85
2016-05-09,93.0,93.9,91.0,91.9,91.7
2016-05-06,90.5,92.3,89.2,92.1,91.9
2016-05-05,91.5,93.2,88.9,90.9,90.45
2016-05-04,95.5,95.8,90.65,91.5,91.15
2016-05-03,99.5,100.6,96.55,96.85,96.9
2016-05-02,96.4,100.65,94.6,98.25,98.65
2016-04-29,97.4,99.0,93.4,96.0,96.35
2016-04-28,101.8,102.45,96.5,96.8,96.9
2016-04-27,103.25,104.4,101.1,102.05,101.75
2016-04-26,99.05,103.45,98.9,103.25,103.15
2016-04-25,101.15,101.35,96.55,99.0,98.4
2016-04-22,101.5,102.75,100.6,100.7,101.1
2016-04-21,102.4,104.25,100.65,102.2,101.8
2016-04-20,99.45,102.4,98.25,102.0,101.8
2016-04-18,96.8,97.6,94.5,96.9,97.05
2016-04-13,93.05,97.7,93.05,95.9,96.3
2016-04-12,91.35,93.15,90.2,92.1,92.0
2016-04-11,88.15,93.2,87.85,91.75,92.2
2016-04-08,87.25,89.5,86.0,87.7,87.7
2016-04-07,89.0,89.4,86.75,87.45,87.3
2016-04-06,85.75,89.7,85.5,88.95,88.95
2016-04-05,88.2,89.4,84.35,85.35,84.9
2016-04-04,87.45,90.65,86.5,89.1,89.1
2016-04-01,87.5,87.65,86.05,86.35,86.65
2016-03-31,87.85,89.0,86.5,88.2,87.95
2016-03-30,85.5,89.3,85.25,87.8,88.0
2016-03-29,83.9,86.15,83.5,84.2,84.4
2016-03-28,92.5,92.5,82.55,83.6,83.25
2016-03-23,88.0,91.7,87.9,90.8,91.3
2016-03-22,85.9,88.0,84.85,87.75,87.0
2016-03-21,85.7,87.0,84.3,85.95,86.0
2016-03-18,82.4,85.5,82.0,85.45,85.2
2016-03-17,82.5,83.8,80.7,80.85,81.0
2016-03-16,84.0,84.25,79.35,81.6,81.5
2016-03-15,85.0,86.0,83.6,83.75,83.9
2016-03-14,84.5,86.0,84.2,84.8,84.9
2016-03-11,83.9,84.75,81.6,83.55,83.5
2016-03-10,81.9,85.55,81.55,83.5,83.8
2016-03-09,80.4,81.4,79.05,81.15,81.1
2016-03-08,80.3,84.2,80.05,82.9,83.15
2016-03-04,79.85,81.9,77.6,80.0,79.4
2016-03-03,76.5,79.8,75.5,79.05,79.25
2016-03-02,71.9,77.0,71.3,75.4,74.95
2016-03-01,69.0,70.5,68.6,70.4,70.25
2016-02-29,70.15,70.8,66.7,68.25,68.75
2016-02-26,68.2,69.95,66.2,69.55,69.45
2016-02-25,67.35,68.0,66.45,67.6,67.15
2016-02-24,67.6,68.45,66.0,66.1,66.4
2016-02-23,69.9,71.85,67.8,68.3,68.5
2016-02-22,69.15,70.6,68.8,69.7,69.5
2016-02-19,68.3,70.0,67.45,68.9,69.05
2016-02-18,67.65,70.1,67.2,68.55,68.9
2016-02-17,65.2,66.3,61.6,66.15,65.8
2016-02-16,68.5,68.5,64.55,64.55,64.85
2016-02-15,62.45,68.45,62.3,66.55,67.0
2016-02-12,64.8,64.85,58.8,60.85,60.9
2016-02-11,67.5,67.75,62.95,63.25,63.7
2016-02-10,70.2,70.5,65.0,67.15,66.9
2016-02-09,68.5,70.8,67.6,70.05,70.0
2016-02-08,72.0,72.0,69.45,69.6,69.8
2016-02-05,69.3,72.2,68.8,71.1,71.25
2016-02-04,67.8,70.45,67.2,69.05,68.7
2016-02-03,68.0,68.0,66.3,66.7,66.65
2016-02-02,71.75,71.8,68.2,68.35,68.55
2016-02-01,70.85,71.55,70.2,71.2,71.1
2016-01-29,70.0,71.15,68.75,70.15,70.5
2016-01-28,71.05,71.4,69.25,69.85,69.7
2016-01-27,72.5,72.85,70.8,70.95,71.05
2016-01-25,72.9,73.45,71.8,72.15,72.0
2016-01-22,69.6,72.9,69.1,71.9,72.35
2016-01-21,69.0,69.35,66.8,68.5,68.3
2016-01-20,71.0,71.05,66.35,67.65,67.6
2016-01-19,72.1,73.9,71.1,71.85,71.85
2016-01-18,71.05,73.5,70.05,70.95,71.2
2016-01-15,75.35,75.4,71.15,71.25,71.8
2016-01-14,75.0,76.0,73.4,74.8,74.7
2016-01-13,76.4,77.5,74.3,76.75,76.7
2016-01-12,78.4,78.65,75.0,75.55,75.6
2016-01-11,75.8,78.65,74.3,77.7,77.9
2016-01-08,77.45,78.15,75.2,77.05,76.9
2016-01-07,79.0,79.4,76.1,76.55,76.65
2016-01-06,82.4,82.85,79.7,80.45,80.55
2016-01-05,82.0,83.95,80.6,82.6,82.6
2016-01-04,84.2,85.9,80.4,81.0,80.75
2016-01-01,84.7,85.25,84.0,84.8,84.9
2015-12-31,85.0,85.5,83.2,84.7,84.75
2015-12-30,84.7,85.7,84.1,84.8,84.7
2015-12-29,85.25,85.5,84.15,84.3,84.4
2015-12-28,85.7,86.0,84.3,85.0,84.95
2015-12-24,84.55,85.65,83.75,85.5,85.25
2015-12-23,80.6,84.2,80.2,84.2,83.9
2015-12-22,81.15,81.75,79.2,79.85,79.6
2015-12-21,80.2,81.8,80.2,81.1,81.3
2015-12-18,81.2,82.0,79.6,80.1,79.9
2015-12-17,78.85,81.65,78.65,81.45,81.3
2015-12-16,79.35,80.2,78.35,78.35,78.55
2015-12-15,79.1,79.3,77.25,78.8,79.0
2015-12-14,76.0,79.25,75.75,79.05,78.8
2015-12-11,76.0,77.2,74.7,76.35,76.25
2015-12-10,74.7,76.15,74.5,75.75,75.7
2015-12-09,75.5,75.65,73.0,74.1,73.75
2015-12-08,78.5,78.75,75.7,76.35,76.0
2015-12-07,79.8,80.6,78.9,79.15,79.25
2015-12-04,78.85,80.1,78.2,79.0,79.05
2015-12-03,79.55,81.65,78.6,79.1,79.2
2015-12-02,80.0,81.2,79.9,80.3,80.45
2015-12-01,77.6,79.8,77.5,79.7,79.55
2015-11-30,77.4,77.9,76.6,77.25,77.05
2015-11-27,75.3,79.1,75.2,77.75,77.65
2015-11-26,74.0,75.5,73.85,75.05,75.1
2015-11-24,73.6,74.55,73.2,73.6,73.6
2015-11-23,77.05,77.3,73.8,74.4,74.25
2015-11-20,78.35,79.4,76.85,77.35,77.2
2015-11-19,77.8,78.9,75.4,78.5,78.4
2015-11-18,80.85,81.3,76.3,76.45,76.55
2015-11-17,79.8,82.45,79.25,81.0,80.85
2015-11-16,76.95,79.5,76.4,79.15,79.05
2015-11-13,79.0,80.25,77.15,77.5,77.4
2015-11-11,80.1,80.8,80.05,80.25,80.3
2015-11-10,78.15,82.8,77.1,79.1,79.25
2015-11-09,78.0,80.75,78.0,79.7,79.95
2015-11-06,81.1,82.25,80.0,80.85,80.9
2015-11-05,81.75,82.4,80.8,81.2,81.05
2015-11-04,83.5,83.9,81.5,81.7,81.85
2015-11-03,81.85,84.4,81.7,82.3,82.35
2015-11-02,83.9,84.25,80.1,81.7,80.95
2015-10-30,83.5,86.9,83.05,83.15,84.05
2015-10-29,84.75,85.0,83.0,83.6,83.25
2015-10-28,84.0,85.2,84.0,84.45,84.5
2015-10-27,85.0,86.1,83.2,84.2,84.4
2015-10-26,86.3,86.9,84.85,85.6,85.4
2015-10-23,87.2,87.4,84.65,85.05,85.1
2015-10-21,84.45,86.6,84.1,85.55,85.55
2015-10-20,86.7,86.7,84.05,84.45,84.45
2015-10-19,88.0,88.5,86.5,86.55,86.75
2015-10-16,89.25,89.4,86.05,87.8,87.75
2015-10-15,89.3,91.5,86.3,88.4,87.8
2015-10-14,85.4,90.75,85.25,88.6,88.6
2015-10-13,81.0,86.7,81.0,86.0,86.15
2015-10-12,84.7,92.4,84.55,87.8,88.65
2015-10-09,83.1,85.5,82.8,83.7,83.95
2015-10-08,82.0,84.3,80.4,82.1,82.35
2015-10-07,75.0,83.4,74.4,81.85,81.9
2015-10-06,74.85,75.65,73.55,75.0,75.0
2015-10-05,71.95,74.4,71.35,74.0,74.0
2015-10-01,71.65,72.1,70.25,71.1,70.9
2015-09-30,69.4,71.5,69.0,71.3,70.8
2015-09-29,69.5,69.8,67.5,68.1,68.2
2015-09-28,71.9,73.0,70.25,70.5,70.55
2015-09-24,73.3,73.45,71.2,71.45,71.4
2015-09-23,72.0,74.25,71.3,73.0,72.95
2015-09-22,76.95,77.0,72.75,72.9,73.2
2015-09-21,75.25,78.8,74.2,78.3,78.1
2015-09-18,77.9,79.0,75.35,75.5,75.9
2015-09-16,77.5,78.25,75.25,77.4,77.25
2015-09-15,78.3,78.65,75.7,76.35,76.25
2015-09-14,76.8,79.15,75.9,78.95,78.65
2015-09-11,77.8,78.1,75.55,76.15,76.1
2015-09-10,76.5,77.15,74.45,76.4,76.5
2015-09-09,75.15,79.2,74.0,78.3,78.6
2015-09-08,72.35,74.5,71.6,72.65,72.7
2015-09-07,74.15,74.25,71.4,71.65,71.55
2015-09-04,76.95,77.0,73.5,73.75,73.9
2015-09-03,75.2,78.35,75.0,77.05,77.2
2015-09-02,76.1,76.9,74.15,74.6,74.35
2015-09-01,79.45,79.6,75.6,75.7,75.95
2015-08-31,81.05,82.7,79.75,80.1,80.05
2015-08-28,83.3,84.7,80.1,81.8,81.65
2015-08-27,82.9,82.9,79.15,80.55,80.65
2015-08-26,80.7,81.8,79.0,80.0,80.4
2015-08-25,81.25,82.25,75.25,80.5,80.45
2015-08-24,83.5,83.5,76.1,79.0,78.65
2015-08-21,83.0,86.3,82.05,86.25,86.0
2015-08-20,86.0,86.25,83.6,85.1,84.95
2015-08-19,88.9,88.9,85.8,86.15,86.15
2015-08-18,91.6,92.95,87.9,88.6,88.9
2015-08-17,93.5,93.7,89.7,90.7,90.65
2015-08-14,91.0,95.35,89.5,93.0,93.15
2015-08-13,97.0,98.0,90.4,91.0,90.8
2015-08-12,102.8,102.9,95.55,95.9,95.9
2015-08-11,108.0,108.3,102.85,103.25,103.25
2015-08-10,110.0,111.75,106.75,107.0,107.8
2015-08-07,108.15,112.25,108.0,109.6,109.55
2015-08-06,108.95,110.0,107.5,108.55,108.7
2015-08-05,110.0,111.9,107.85,108.1,108.25
2015-08-04,106.0,110.4,105.75,109.55,109.25
2015-08-03,105.25,106.5,104.7,105.6,105.7
2015-07-31,105.5,107.3,104.5,105.1,105.2
2015-07-30,106.85,107.3,104.25,104.9,104.7
2015-07-29,105.8,108.15,105.7,106.5,106.55
2015-07-28,103.15,106.65,102.25,105.3,105.5
2015-07-27,108.5,108.5,103.95,104.05,104.4
2015-07-24,108.0,110.25,107.75,109.1,109.35
2015-07-23,107.95,109.3,106.45,108.5,108.7
2015-07-22,107.9,108.9,105.55,107.5,107.7
2015-07-21,109.1,111.75,106.05,108.0,108.1
2015-07-20,107.5,110.3,107.1,108.95,109.4
2015-07-17,107.1,108.25,106.15,107.0,107.2
2015-07-16,105.75,107.05,104.6,106.8,106.7
2015-07-15,104.7,106.4,104.7,105.8,105.55
2015-07-14,106.6,106.75,104.3,104.5,104.6
2015-07-13,104.2,106.95,102.15,106.6,106.65
2015-07-10,105.0,105.35,102.35,104.6,104.6
2015-07-09,102.2,104.9,100.7,104.2,104.0
2015-07-08,105.5,105.5,99.05,101.6,101.85
2015-07-07,108.9,109.0,106.7,106.9,107.15
2015-07-06,108.2,109.5,107.25,109.0,109.05
2015-07-03,111.0,111.45,109.65,110.65,110.6
2015-07-02,113.55,114.6,110.7,111.05,111.05
2015-07-01,112.3,113.9,112.15,113.3,113.05
2015-06-30,112.9,113.5,111.25,111.85,111.9
2015-06-29,115.0,115.2,111.0,112.9,112.85
2015-06-26,117.9,118.35,115.95,117.15,117.0
2015-06-25,117.0,118.5,115.65,118.4,118.0
2015-06-24,121.95,122.75,116.6,116.95,117.25
2015-06-23,122.6,124.45,121.25,121.85,121.6
2015-06-22,121.0,122.0,119.9,121.1,121.2
2015-06-19,122.85,123.4,120.0,120.4,120.8
2015-06-18,118.5,120.6,117.65,120.2,120.0
2015-06-17,115.0,119.15,114.8,118.6,118.55
2015-06-16,114.65,115.5,113.6,115.5,115.0
2015-06-15,116.2,117.15,113.8,113.9,114.3
2015-06-12,118.75,119.25,116.1,116.5,116.75
2015-06-11,120.7,121.5,118.6,119.7,119.2
2015-06-10,120.5,121.8,119.65,119.9,120.3
2015-06-09,118.0,121.3,117.55,119.85,120.1
2015-06-08,120.25,121.15,117.7,118.0,118.2
2015-06-05,120.95,122.3,119.15,120.05,120.15
2015-06-04,122.3,123.55,119.0,121.15,121.3
2015-06-03,124.05,124.9,120.0,122.2,121.95
2015-06-02,128.95,129.2,122.9,123.5,123.25
2015-06-01,128.75,129.8,127.75,128.45,128.35
2015-05-29,130.95,133.2,128.55,129.0,129.25
2015-05-28,132.6,134.0,129.8,131.2,131.6
2015-05-27,133.0,134.6,132.2,134.0,133.55
2015-05-26,135.15,135.65,133.2,134.9,134.3
2015-05-25,136.75,138.4,133.9,134.85,134.5
2015-05-22,139.0,139.0,136.5,136.7,136.9
2015-05-21,137.7,139.9,136.25,138.9,139.1
2015-05-20,140.65,140.65,138.15,138.6,138.95
2015-05-19,138.85,140.55,136.6,140.0,139.95
2015-05-18,138.0,141.85,137.9,138.5,139.1
2015-05-15,137.7,138.75,134.55,137.0,137.0
2015-05-14,134.1,138.0,132.5,137.6,137.45
2015-05-13,134.9,136.4,131.75,133.4,133.5
2015-05-12,142.4,142.5,136.2,138.15,137.6
2015-05-11,140.8,145.1,140.2,142.25,142.5
2015-05-08,135.2,139.5,134.85,139.1,138.95
2015-05-07,136.9,136.9,132.25,134.5,134.3
2015-05-06,138.9,142.0,135.05,137.45,137.75
2015-05-05,133.45,140.2,132.35,139.15,139.35
2015-05-04,130.4,133.6,129.5,133.45,133.15
2015-04-30,130.0,130.9,127.05,128.6,128.6
2015-04-29,131.4,131.4,128.7,131.2,130.6
2015-04-28,130.9,132.45,129.6,131.3,131.35
2015-04-27,132.0,132.95,128.25,129.6,130.05
2015-04-24,134.85,135.8,130.1,131.7,131.15
2015-04-23,135.5,137.0,133.8,135.1,135.05
2015-04-22,133.5,135.5,132.6,134.4,134.65
2015-04-21,138.4,139.35,133.7,134.3,134.3
2015-04-20,140.9,141.7,137.2,137.5,138.25
2015-04-17,138.0,141.7,137.6,140.0,139.75
2015-04-16,135.85,137.9,135.4,136.8,137.15
2015-04-15,136.0,137.4,134.6,135.3,135.15
2015-04-13,138.0,138.95,135.1,137.0,136.1
2015-04-10,139.0,139.2,137.05,137.7,137.9
2015-04-09,138.6,140.85,136.6,139.55,139.9
2015-04-08,137.25,138.9,136.15,137.3,137.95
2015-04-07,135.0,137.55,134.2,137.15,136.95
2015-04-06,133.4,135.1,132.0,134.75,134.7
2015-04-01,129.0,132.9,127.5,132.2,132.2
2015-03-31,133.0,133.45,128.4,128.65,129.0
2015-03-30,134.25,134.7,130.3,131.4,131.15
2015-03-27,131.0,134.45,130.05,133.95,133.95
2015-03-26,132.4,133.4,128.55,130.1,129.55
2015-03-25,133.0,134.45,132.35,132.9,132.9
2015-03-24,135.8,135.9,132.0,133.2,132.85
2015-03-23,131.95,136.8,131.95,136.3,135.9
2015-03-20,132.15,135.0,130.55,132.2,132.05
2015-03-19,134.0,136.2,131.3,132.0,132.3
2015-03-18,134.0,134.8,131.8,132.95,133.15
2015-03-17,128.0,134.75,126.8,133.75,134.25
2015-03-16,131.0,131.4,123.1,127.4,126.8
2015-03-13,136.7,136.75,131.05,131.95,131.7
2015-03-12,131.75,135.7,129.1,134.5,134.9
2015-03-11,138.85,138.85,127.2,131.0,130.35
2015-03-10,142.6,142.6,136.65,137.9,138.05
2015-03-09,149.4,149.85,140.0,140.6,140.8
2015-03-05,153.05,154.0,146.9,147.5,148.1
2015-03-04,160.0,160.0,152.3,153.0,153.1
2015-03-03,157.5,159.3,156.15,158.1,158.7
2015-03-02,154.2,157.4,153.5,156.45,156.55
2015-02-28,156.3,156.7,151.0,153.3,152.85
2015-02-27,150.55,155.8,149.8,155.4,155.15
2015-02-26,153.1,154.0,148.0,150.5,149.75
2015-02-25,154.6,155.45,152.25,153.65,153.65
2015-02-24,155.0,156.9,151.4,154.05,153.65
2015-02-23,161.6,161.8,154.2,154.6,154.85
2015-02-20,158.0,160.7,155.2,158.0,156.55
2015-02-19,151.0,157.8,150.1,155.7,156.25
2015-02-18,151.0,152.45,149.6,151.05,151.65
2015-02-16,157.0,158.0,150.25,151.0,150.95
2015-02-13,153.0,156.1,152.0,153.15,153.55
2015-02-12,151.8,153.4,149.05,153.0,152.8
2015-02-11,149.55,151.5,147.05,149.65,149.85
2015-02-10,148.5,153.7,146.55,149.4,149.2
2015-02-09,146.3,149.0,145.5,146.9,146.55
2015-02-06,148.0,150.0,145.65,147.3,147.3
2015-02-05,152.3,153.9,146.75,148.05,148.05
2015-02-04,147.0,153.8,146.0,151.75,152.4
2015-02-03,145.85,148.5,142.9,145.15,146.45
2015-02-02,140.0,145.7,139.5,145.2,145.25
2015-01-30,143.0,143.1,138.6,140.25,139.7
2015-01-29,139.9,142.9,138.25,142.2,142.4
2015-01-28,141.75,143.1,139.65,140.35,140.15
2015-01-27,139.9,144.5,139.0,142.15,142.5
2015-01-23,145.6,146.25,142.1,144.6,144.8
2015-01-22,143.05,144.9,141.1,143.05,143.45
2015-01-21,145.65,146.35,140.5,143.0,143.2
2015-01-20,141.0,145.2,141.0,144.75,144.7
2015-01-19,140.95,141.7,139.5,140.35,140.25
2015-01-16,141.5,143.4,137.75,138.9,138.55
2015-01-15,143.55,145.75,138.35,141.5,141.9
2015-01-14,150.95,151.35,140.8,142.05,142.15
2015-01-13,152.1,154.4,150.75,151.65,151.7
2015-01-12,155.2,155.2,150.5,151.0,151.1
2015-01-09,153.1,155.25,152.1,155.0,155.0
2015-01-08,150.7,153.2,148.55,153.0,152.55
2015-01-07,153.8,154.5,146.7,148.85,148.9
2015-01-06,156.3,156.3,151.15,153.5,153.4
2015-01-05,161.0,161.95,155.5,157.0,156.85
2015-01-02,158.9,161.2,158.35,160.0,160.1
2015-01-01,157.4,159.0,155.4,158.95,158.45
2014-12-31,156.45,159.7,156.4,157.4,157.55
2014-12-30,157.1,157.6,154.75,156.45,156.35
2014-12-29,153.0,157.9,152.2,156.9,157.05
2014-12-26,150.75,153.6,149.75,152.05,152.0
2014-12-24,153.1,153.5,149.6,151.0,150.6
2014-12-23,155.1,155.7,152.2,154.0,153.1
2014-12-22,156.5,158.85,154.95,155.95,155.8
2014-12-19,152.0,158.5,152.0,158.0,157.8
2014-12-18,149.0,154.95,149.0,153.0,152.95
2014-12-17,143.0,148.2,139.0,147.4,147.1
2014-12-16,151.0,151.85,141.85,145.25,144.75
2014-12-15,152.0,155.2,151.5,152.7,153.2
2014-12-12,158.0,158.0,152.1,154.0,153.55
2014-12-11,153.3,157.05,151.5,155.95,155.55
2014-12-10,154.8,157.2,153.2,153.45,154.0
2014-12-09,157.7,158.75,152.5,154.8,154.45
2014-12-08,162.75,164.85,157.8,158.0,159.15
2014-12-05,167.45,167.8,162.9,163.3,163.2
2014-12-04,170.05,171.3,165.3,165.7,165.9
2014-12-03,171.8,173.0,168.0,168.6,169.05
2014-12-02,167.0,172.25,166.0,171.8,171.05
2014-12-01,173.0,175.05,165.65,168.05,167.4
2014-11-28,173.4,175.2,172.1,174.2,174.05
2014-11-27,170.0,176.6,168.8,171.8,172.6
2014-11-26,164.6,169.8,162.15,168.95,169.15
2014-11-25,165.6,166.5,158.8,165.25,165.55
2014-11-24,162.65,168.0,161.95,165.0,165.65
2014-11-21,156.5,161.0,155.9,160.2,160.3
2014-11-20,156.5,157.6,154.1,155.8,156.0
2014-11-19,157.5,160.2,154.05,154.85,154.75
2014-11-18,157.0,160.75,154.55,154.85,155.3
2014-11-17,156.15,159.05,155.5,158.1,158.05
2014-11-14,152.0,158.65,150.95,157.45,157.3
2014-11-13,152.3,154.5,149.6,151.75,151.9
2014-11-12,151.5,153.65,150.65,150.8,151.3
2014-11-11,153.0,154.8,149.65,151.3,151.25
2014-11-10,156.55,157.0,151.5,152.25,152.0
2014-11-07,157.05,160.45,154.6,156.2,156.1
2014-11-05,163.45,164.05,155.3,156.2,156.5
2014-11-03,163.1,166.0,160.5,163.2,163.55
2014-10-31,160.2,164.45,158.8,163.6,163.7
2014-10-30,156.75,162.0,154.6,159.3,160.35
2014-10-29,148.2,158.3,148.2,157.0,156.9
2014-10-28,146.6,148.9,144.65,147.7,147.7
2014-10-27,150.0,151.5,146.55,147.25,147.35
2014-10-23,149.9,149.95,149.0,149.25,149.25
2014-10-22,150.0,151.0,145.5,148.45,148.45
2014-10-21,147.55,150.9,147.05,148.05,147.9
2014-10-20,143.0,147.55,141.95,146.0,146.5
2014-10-17,143.0,144.0,138.15,138.85,139.45
2014-10-16,151.0,151.0,141.3,142.0,142.4
2014-10-14,151.6,155.2,147.55,151.1,151.0
2014-10-13,149.7,152.0,147.4,151.1,151.1
2014-10-10,155.05,155.05,149.45,150.7,150.15
2014-10-09,151.1,158.5,151.1,157.0,157.85
2014-10-08,146.8,149.8,145.7,148.85,148.8
2014-10-07,153.8,154.55,147.25,147.65,148.25
2014-10-01,155.2,158.4,152.65,154.7,155.25
2014-09-30,158.5,163.0,155.9,156.15,156.75
2014-09-29,157.8,161.65,153.6,160.5,159.7
2014-09-26,146.7,159.1,146.1,158.5,157.25
2014-09-25,154.8,155.65,133.05,149.55,149.15
2014-09-24,155.6,162.5,148.7,157.25,156.1
2014-09-23,161.55,164.0,155.2,157.95,157.15
2014-09-22,164.1,165.35,160.25,162.0,162.2
2014-09-19,163.3,166.5,162.1,164.3,164.3
2014-09-18,160.5,165.25,159.45,162.55,163.0
2014-09-17,162.05,163.3,157.0,161.0,160.65
2014-09-16,162.0,165.95,160.0,160.3,160.35
2014-09-15,167.95,168.75,162.95,163.2,163.6
2014-09-12,173.0,173.45,167.1,168.8,168.6
2014-09-11,172.05,175.45,171.7,172.2,173.0
2014-09-10,170.6,174.9,170.1,172.95,172.9
2014-09-09,172.5,174.95,169.35,172.95,172.9
2014-09-08,168.1,174.0,168.1,173.8,173.45
2014-09-05,168.55,172.45,166.05,167.35,167.7
2014-09-04,173.3,174.95,165.85,169.35,169.5
2014-09-03,174.0,177.25,173.2,175.3,175.1
2014-09-02,176.0,177.5,173.5,174.95,174.85
2014-09-01,171.9,178.95,169.4,175.3,176.15
2014-08-28,171.85,173.8,169.5,169.95,170.1
2014-08-27,171.0,173.3,168.25,171.75,172.3
2014-08-26,159.0,171.6,157.7,171.15,170.5
2014-08-25,183.75,184.7,160.15,164.3,164.85
2014-08-22,178.05,184.15,178.05,181.95,182.5
2014-08-21,179.0,182.35,176.5,177.65,177.9
2014-08-20,180.45,183.0,179.45,180.85,180.35
2014-08-19,182.4,185.65,179.8,180.4,180.85
2014-08-18,176.45,185.25,176.05,182.5,182.25
2014-08-14,180.8,183.45,175.75,176.4,178.6
2014-08-13,184.55,185.45,177.15,179.1,180.05
2014-08-12,187.8,187.8,183.3,185.2,185.4
2014-08-11,185.0,187.9,184.5,185.5,185.65
2014-08-08,186.8,187.2,180.55,184.25,183.95
2014-08-07,192.0,193.35,188.1,189.25,189.1
2014-08-06,194.25,196.7,190.95,192.05,191.75
2014-08-05,191.4,196.6,189.1,196.4,195.65
2014-08-04,184.1,193.15,184.1,192.4,190.9
2014-08-01,189.7,194.7,183.15,184.4,184.3
2014-07-31,193.1,195.0,188.65,192.3,191.7
2014-07-30,188.05,193.8,186.1,192.0,192.6
2014-07-28,191.8,194.4,186.5,187.95,187.8
2014-07-25,198.9,198.9,190.5,191.25,191.8
2014-07-24,194.2,198.9,192.5,198.8,198.0
2014-07-23,189.0,194.5,189.0,193.25,193.75
2014-07-22,184.6,190.0,183.0,188.1,188.25
2014-07-21,185.85,186.0,179.2,183.25,183.85
2014-07-18,187.0,187.15,183.55,184.65,184.6
2014-07-17,183.3,189.5,180.6,187.8,188.65
2014-07-16,176.0,183.3,174.3,182.9,182.3
2014-07-15,175.4,176.4,167.65,174.95,174.7
2014-07-14,165.45,175.0,165.0,174.0,173.4
2014-07-11,176.5,177.65,165.35,165.8,166.75
2014-07-10,172.0,184.9,168.3,175.2,176.25
2014-07-09,168.35,177.6,167.3,170.7,170.55
2014-07-08,174.7,175.9,168.15,169.25,169.0
2014-07-07,173.45,175.85,172.1,174.35,174.5
2014-07-04,171.95,174.55,171.05,173.4,173.25
2014-07-03,178.25,180.75,172.85,174.0,173.75
2014-07-02,177.8,179.15,174.05,177.7,178.25
2014-07-01,167.2,177.2,167.2,175.1,175.25
2014-06-30,160.5,165.3,160.0,164.6,164.2
2014-06-27,165.1,165.3,160.25,160.85,160.9
2014-06-26,166.5,168.25,164.0,164.9,165.25
2014-06-25,167.0,168.0,165.65,166.5,166.7
2014-06-24,166.1,168.35,165.3,166.85,166.8
2014-06-23,163.5,167.4,163.15,165.4,165.3
2014-06-20,167.9,169.8,163.0,163.5,163.8
2014-06-19,167.95,170.7,164.15,167.9,167.75
2014-06-18,161.35,169.6,161.35,166.5,166.8
2014-06-17,161.0,163.7,157.0,162.6,162.65
2014-06-16,161.5,168.25,158.6,160.8,161.2
2014-06-13,169.45,169.45,158.5,162.4,162.35
2014-06-12,162.8,170.0,162.0,169.3,169.25
2014-06-11,170.0,171.5,161.0,162.15,162.65
2014-06-10,169.65,173.35,162.2,169.65,169.75
2014-06-09,169.8,173.65,167.6,168.9,169.6
2014-06-06,172.0,172.1,165.3,168.3,169.25
2014-06-05,160.6,171.0,159.95,170.5,169.85
2014-06-04,156.0,161.75,155.2,159.45,160.7
2014-06-03,150.7,155.7,149.35,154.75,155.2
2014-06-02,147.3,151.15,146.35,150.15,150.05
2014-05-30,151.5,152.5,147.0,147.3,148.0
2014-05-29,146.5,153.2,143.1,149.65,149.3
2014-05-28,149.7,151.55,146.1,147.0,147.2
2014-05-27,147.9,150.5,141.75,148.5,149.65
2014-05-26,155.0,155.2,143.7,147.25,147.1
2014-05-23,156.95,156.95,149.7,152.8,152.05
2014-05-22,161.85,161.85,154.0,155.6,155.1
2014-05-21,156.1,163.65,152.05,160.25,159.7
2014-05-20,155.15,159.0,152.35,155.8,156.2
2014-05-19,142.6,152.95,142.0,151.55,152.05
2014-05-16,141.9,145.95,139.1,140.9,141.2
2014-05-15,142.0,143.45,137.1,137.8,138.5
2014-05-14,142.2,145.8,140.4,141.35,141.2
2014-05-13,144.0,149.8,141.2,141.8,142.2
2014-05-12,143.5,144.8,140.55,142.65,143.4
2014-05-09,136.5,144.7,136.5,144.15,144.1
2014-05-08,136.25,139.1,135.0,137.1,136.75
2014-05-07,138.35,138.65,134.3,135.15,135.2
2014-05-06,139.4,140.65,135.8,138.6,138.7
2014-05-05,130.0,141.0,129.85,138.4,138.9
2014-05-02,135.2,136.0,130.25,131.65,131.65
2014-04-30,136.65,138.85,132.05,135.95,134.3
2014-04-29,141.0,143.0,136.3,137.4,137.2
2014-04-28,143.0,145.3,140.8,141.25,141.25
2014-04-25,143.3,146.9,142.2,143.5,143.75
2014-04-23,145.0,146.0,142.8,144.65,145.15
2014-04-22,142.0,147.2,140.3,144.45,144.85
2014-04-21,141.8,144.5,141.5,143.55,143.5
2014-04-17,135.75,142.0,135.0,141.5,141.45
2014-04-16,133.3,137.85,131.6,135.9,135.45
2014-04-15,140.7,142.1,133.2,133.3,134.05
2014-04-11,141.1,143.25,139.2,140.15,140.7
2014-04-10,143.5,145.1,140.6,141.3,142.5
2014-04-09,138.0,143.95,137.8,142.85,142.9
2014-04-07,137.5,138.95,134.2,137.6,137.35
2014-04-04,137.9,139.4,136.1,137.5,137.65
2014-04-03,136.0,140.9,133.3,137.2,137.15
2014-04-02,139.0,139.55,134.6,135.9,136.0
2014-04-01,142.0,142.5,136.1,137.9,138.2
2014-03-31,132.0,142.95,131.05,141.0,141.75
2014-03-28,125.4,131.7,125.0,131.1,130.9
2014-03-27,125.2,126.45,124.05,125.3,125.4
2014-03-26,121.1,125.95,121.1,125.1,125.4
2014-03-25,120.95,122.65,120.25,120.3,120.75
2014-03-24,120.0,122.5,118.2,121.25,121.6
2014-03-22,123.15,123.15,120.75,121.15,121.2
2014-03-21,120.55,124.0,119.8,123.9,123.5
2014-03-20,119.65,121.95,119.0,119.2,119.65
2014-03-19,115.25,121.1,114.05,119.8,120.05
2014-03-18,116.0,116.4,114.2,114.85,114.85
2014-03-14,114.7,116.1,113.5,115.05,115.2
2014-03-13,114.5,118.95,114.5,115.55,115.65
2014-03-12,115.7,118.4,113.95,114.8,114.75
2014-03-11,121.9,121.9,116.2,117.05,117.4
2014-03-10,123.05,123.5,121.0,121.55,121.95
2014-03-07,120.1,125.85,119.8,124.4,124.55
2014-03-06,115.75,121.2,114.7,120.75,120.8
2014-03-05,114.85,117.2,112.2,116.1,115.75
2014-03-04,105.4,114.25,105.4,114.15,113.6
2014-03-03,105.0,107.35,104.7,105.65,105.6
2014-02-28,99.0,106.4,99.0,105.9,105.35
2014-02-26,99.75,99.75,98.05,98.6,98.4
2014-02-25,97.15,99.05,97.0,98.8,98.8
2014-02-24,97.65,98.8,96.7,96.75,97.45
2014-02-21,97.3,98.25,97.3,97.55,97.65
2014-02-20,98.5,98.55,97.05,97.1,97.35
2014-02-19,99.6,100.1,98.4,98.7,98.85
2014-02-18,98.7,100.5,97.75,99.1,99.3
2014-02-17,100.0,100.75,97.65,98.75,98.5
2014-02-14,100.75,101.0,97.85,100.15,99.9
2014-02-13,103.9,104.55,99.75,100.0,100.2
2014-02-12,105.15,105.6,103.05,103.3,103.5
2014-02-11,106.9,107.1,104.25,104.55,104.55
2014-02-10,106.45,107.7,105.8,106.7,106.8
2014-02-07,106.15,107.7,104.75,106.2,106.4
2014-02-06,104.65,106.5,103.1,106.05,105.75
2014-02-05,102.4,105.15,101.0,104.1,104.25
2014-02-04,102.0,103.45,99.8,102.45,102.45
2014-02-03,109.0,109.4,103.0,103.1,103.45
2014-01-31,109.05,110.0,107.0,109.7,109.55
2014-01-30,110.2,110.7,107.6,108.05,108.1
2014-01-29,114.5,114.75,111.15,111.85,111.75
2014-01-28,110.0,115.0,109.75,113.55,113.8
2014-01-27,112.0,112.7,109.3,111.45,111.1
2014-01-24,113.15,115.35,113.0,113.8,114.0
2014-01-23,114.2,115.25,113.6,114.3,114.3
2014-01-22,112.6,115.4,112.5,115.35,115.2
2014-01-21,112.45,113.4,110.65,113.1,113.0
2014-01-20,110.1,113.5,110.1,112.4,112.1
2014-01-17,113.5,114.0,110.5,111.6,111.3
2014-01-16,111.45,113.35,111.15,113.1,112.95
2014-01-15,110.3,112.9,110.2,110.75,110.85
2014-01-14,110.0,111.25,108.75,109.75,109.4
2014-01-13,110.2,112.25,108.5,110.8,110.0
2014-01-10,112.8,113.0,110.15,110.3,110.55
2014-01-09,115.0,115.25,112.0,112.7,112.65
2014-01-08,118.25,118.3,114.5,114.85,115.25
2014-01-07,118.15,118.95,115.0,116.2,116.05
2014-01-06,118.5,119.6,117.2,117.95,118.25
2014-01-03,120.0,120.7,117.1,118.45,118.75
2014-01-02,121.8,125.65,120.0,120.25,120.65
2014-01-01,122.6,123.8,121.35,121.85,121.8
2013-12-31,122.0,123.15,121.25,122.55,122.6
2013-12-30,123.0,123.4,121.1,121.5,121.75
2013-12-27,121.1,123.1,120.6,122.3,122.45
2013-12-26,120.8,122.7,120.35,120.9,121.1
2013-12-24,123.6,124.35,121.5,122.0,122.0
2013-12-23,120.0,124.8,120.0,123.6,123.55
2013-12-20,118.0,120.15,118.0,119.85,119.45
2013-12-19,118.5,120.75,117.65,119.25,119.0
2013-12-18,116.65,118.45,116.05,118.0,117.8
2013-12-17,117.5,119.0,116.1,116.5,116.45
2013-12-16,118.0,119.0,115.65,116.6,116.65
2013-12-13,120.2,121.05,117.8,118.7,118.7
2013-12-12,122.0,123.25,120.5,120.7,121.05
2013-12-11,125.0,126.85,122.7,123.55,123.45
2013-12-10,124.4,126.0,120.7,124.7,125.1
2013-12-09,123.8,124.95,121.15,123.7,123.9
2013-12-06,119.05,122.45,119.0,120.5,120.5
2013-12-05,122.65,123.95,121.25,121.8,121.75
2013-12-04,124.0,124.45,120.15,121.05,120.7
2013-12-03,120.75,126.35,120.4,124.05,124.05
2013-12-02,122.75,123.4,120.35,121.55,121.85
2013-11-29,121.0,123.4,121.0,122.5,122.7
2013-11-28,119.6,122.35,118.75,121.6,121.4
2013-11-27,119.0,120.6,116.9,118.7,118.75
2013-11-26,118.0,122.0,117.6,118.3,118.45
2013-11-25,119.0,120.85,117.0,118.2,118.15
2013-11-22,120.5,121.65,116.4,118.65,118.4
2013-11-21,120.2,122.15,118.9,119.6,119.5
2013-11-20,124.1,125.0,120.15,120.75,120.75
2013-11-19,119.35,124.7,119.3,124.15,124.25
2013-11-18,116.5,119.4,113.95,119.25,119.0
2013-11-14,115.0,117.0,114.35,114.5,115.2
2013-11-13,110.2,114.9,109.1,114.15,113.95
2013-11-12,112.25,114.45,110.0,111.0,111.25
2013-11-11,115.9,116.3,110.8,111.0,111.35
2013-11-08,116.9,117.9,114.4,116.15,116.5
2013-11-07,115.5,119.2,114.7,116.9,116.85
2013-11-06,117.55,118.05,114.35,115.05,115.25
2013-11-05,115.9,118.85,114.6,117.4,117.7
2013-11-03,116.15,116.5,115.55,115.75,115.9
2013-11-01,114.25,115.9,113.35,115.5,115.2
2013-10-31,112.55,116.3,111.7,115.4,115.05
2013-10-30,110.65,113.9,109.95,113.15,113.45
2013-10-29,107.0,110.7,106.1,110.45,110.25
2013-10-28,109.5,110.65,106.5,107.35,107.05
2013-10-25,114.0,114.0,108.9,108.9,109.2
2013-10-24,115.1,118.1,113.9,114.7,114.55
2013-10-23,115.5,118.65,113.3,115.85,115.9
2013-10-22,117.8,121.15,115.7,116.25,116.5
2013-10-21,115.6,119.8,114.95,118.1,118.4
2013-10-18,110.2,115.8,110.2,114.75,114.85
2013-10-17,110.0,113.75,109.3,111.1,111.15
2013-10-15,108.0,113.35,105.0,112.5,112.1
2013-10-14,114.25,114.25,109.8,110.55,110.6
2013-10-11,119.0,119.1,113.5,113.75,114.25
2013-10-10,119.1,121.45,116.2,116.75,117.05
2013-10-09,118.5,120.6,117.9,119.4,119.6
2013-10-08,123.0,123.0,119.1,119.35,119.45
2013-10-07,117.15,122.4,116.5,121.65,121.85
2013-10-04,114.75,119.85,114.15,118.4,118.05
2013-10-03,111.2,116.2,110.5,115.6,115.55
2013-10-01,111.75,112.5,109.15,110.25,110.5
2013-09-30,112.05,113.85,110.55,111.6,111.9
2013-09-27,117.1,118.5,113.25,113.8,113.9
2013-09-26,116.2,119.15,115.15,116.95,117.05
2013-09-25,112.0,117.55,111.15,116.2,116.8
2013-09-24,115.85,116.75,111.45,112.3,112.0
2013-09-23,113.9,117.15,113.15,116.0,116.55
2013-09-20,117.4,118.15,112.4,113.95,113.95
2013-09-19,117.1,119.7,116.0,118.25,118.5
2013-09-18,113.9,115.8,113.4,114.3,114.65
2013-09-17,112.8,114.7,111.55,114.4,113.9
2013-09-16,113.55,115.25,111.5,113.25,113.1
2013-09-13,110.15,113.7,110.1,112.25,112.4
2013-09-12,114.5,114.5,110.05,111.35,111.2
2013-09-11,110.5,115.35,109.15,113.6,114.45
2013-09-10,109.5,111.25,107.1,110.7,110.2
2013-09-06,108.3,109.5,106.0,108.0,107.9
2013-09-05,110.05,110.85,106.7,107.85,108.2
2013-09-04,104.75,109.5,103.85,108.6,108.55
2013-09-03,109.4,110.4,103.75,103.8,104.4
2013-09-02,105.0,109.5,104.7,109.2,108.95
2013-08-30,106.4,109.0,101.8,104.5,105.05
2013-08-29,103.0,108.5,102.1,108.0,107.1
2013-08-28,98.35,103.35,96.6,101.5,102.1
2013-08-27,102.4,104.8,98.0,100.0,99.15
2013-08-26,103.9,107.5,102.5,104.2,104.4
2013-08-23,104.3,105.55,100.8,103.85,103.8
2013-08-22,94.75,105.3,93.55,103.6,104.0
2013-08-21,99.0,99.9,92.1,93.25,93.3
2013-08-20,93.0,98.7,92.3,97.2,97.35
2013-08-19,93.0,96.65,90.7,95.5,96.05
2013-08-16,97.35,97.8,92.05,92.55,93.55
2013-08-14,92.15,98.8,91.55,98.0,98.2
2013-08-13,92.0,93.9,89.7,91.0,91.4
2013-08-12,92.8,94.85,90.0,93.75,94.05
2013-08-08,86.5,92.4,86.2,91.5,91.7
2013-08-07,85.5,87.85,83.1,86.1,86.5
2013-08-06,85.3,86.9,84.5,85.6,85.55
2013-08-05,87.0,87.9,85.2,86.2,86.3
2013-08-02,88.1,89.0,84.55,87.3,86.7
2013-08-01,91.0,92.0,86.4,87.35,87.5
2013-07-31,86.5,90.8,84.5,90.15,90.1
2013-07-30,91.05,91.65,85.2,86.75,86.5
2013-07-29,95.5,95.6,89.4,90.45,90.65
2013-07-26,102.3,103.2,93.8,94.35,94.45
2013-07-25,103.0,103.7,101.3,102.0,102.2
2013-07-24,104.45,105.05,101.6,103.1,103.25
2013-07-23,105.0,106.0,103.75,105.5,105.15
2013-07-22,103.3,106.15,102.9,103.95,104.35
2013-07-19,104.2,104.9,103.0,103.6,103.65
2013-07-18,102.4,105.6,102.4,104.35,104.4
2013-07-17,103.7,104.4,100.75,101.4,101.9
2013-07-16,102.5,104.4,102.0,103.8,103.9
2013-07-15,101.6,106.2,100.25,105.2,105.4
2013-07-12,103.1,103.5,100.7,101.8,101.8
2013-07-11,99.9,104.4,99.7,102.55,102.8
2013-07-10,101.25,101.5,97.7,97.7,98.2
2013-07-09,101.0,101.95,99.5,100.6,100.85
2013-07-08,99.05,101.0,96.75,100.9,100.15
2013-07-05,101.05,102.9,98.2,99.65,99.95
2013-07-04,99.35,100.9,98.1,100.0,99.95
2013-07-03,101.55,101.55,97.55,98.65,98.9
2013-07-02,101.8,104.35,101.05,102.65,102.45
2013-07-01,99.0,102.9,98.15,102.0,101.9
2013-06-28,97.1,100.65,96.6,99.15,99.8
2013-06-27,96.9,97.0,94.8,95.7,95.8
2013-06-26,97.1,97.8,94.1,94.5,94.7
2013-06-25,95.6,98.15,94.75,96.5,97.05
2013-06-24,96.05,96.9,92.65,94.1,94.1
2013-06-21,96.5,101.0,91.15,101.0,94.0
2013-06-20,102.1,102.4,97.2,97.6,97.75
2013-06-19,101.2,105.4,100.65,104.6,104.3
2013-06-18,101.9,103.9,100.2,101.2,101.3
2013-06-17,105.1,105.35,101.05,102.1,102.0
2013-06-14,97.0,105.2,97.0,105.0,103.65
2013-06-13,91.75,97.9,91.0,96.65,96.8
2013-06-12,93.0,94.7,91.5,92.25,92.3
2013-06-11,100.0,100.6,93.2,94.25,94.35
2013-06-10,102.55,103.25,99.85,101.15,100.6
2013-06-07,102.5,104.5,101.5,101.85,101.95
2013-06-06,101.8,103.45,99.9,102.85,102.85
2013-06-05,100.5,103.25,100.3,102.65,102.5
2013-06-04,103.7,103.7,100.0,101.25,100.85
2013-06-03,102.4,103.15,99.25,101.75,101.4
2013-05-31,106.15,106.5,101.0,102.3,102.4
2013-05-30,109.0,110.6,106.0,106.45,106.85
2013-05-29,108.9,110.7,108.15,109.7,110.15
2013-05-28,110.9,110.9,108.5,110.15,110.05
2013-05-27,106.6,111.5,106.4,110.4,110.6
2013-05-24,109.9,110.2,104.8,107.8,107.05
2013-05-23,110.0,110.8,107.1,108.9,108.9
2013-05-22,110.9,111.35,108.35,110.6,110.65
2013-05-21,110.0,112.4,109.3,110.2,110.4
2013-05-20,110.3,111.9,109.8,109.95,110.15
2013-05-17,111.0,112.1,109.45,109.9,110.15
2013-05-16,107.1,112.55,107.1,111.0,111.1
2013-05-15,106.5,109.5,106.45,108.3,108.35
2013-05-14,104.3,107.5,103.45,105.9,105.5
2013-05-13,105.95,106.3,103.45,105.05,105.05
2013-05-11,106.0,106.8,105.35,106.5,106.3
2013-05-10,103.6,106.5,103.15,105.95,105.95
2013-05-09,102.7,104.15,102.6,103.7,103.55
2013-05-08,102.3,103.8,101.65,102.85,103.0
2013-05-07,102.0,103.8,101.4,101.85,101.95
2013-05-06,99.0,102.15,98.75,101.7,101.7
2013-05-03,95.95,98.8,94.8,98.2,98.05
2013-05-02,97.05,97.4,95.55,95.9,95.95
2013-04-30,99.2,99.5,95.4,97.0,97.25
2013-04-29,99.0,99.65,97.55,98.7,98.85
2013-04-26,98.0,99.8,98.0,99.05,99.0
2013-04-25,96.6,98.5,96.6,98.25,98.15
2013-04-23,95.6,97.6,95.1,96.1,96.3
2013-04-22,94.45,96.15,93.0,96.0,95.45
2013-04-18,93.0,94.3,91.8,93.55,93.75
2013-04-17,93.1,93.9,91.4,93.05,93.1
2013-04-16,90.0,93.3,89.75,92.8,92.85
2013-04-15,91.4,91.6,89.5,91.15,91.15
2013-04-12,89.0,93.25,88.9,91.65,91.6
2013-04-11,91.9,91.95,89.4,90.1,90.1
2013-04-10,91.25,91.95,88.8,91.0,90.95
2013-04-09,91.65,92.4,90.6,90.9,90.85
2013-04-08,90.1,91.2,89.65,90.35,90.6
2013-04-05,88.0,90.25,87.55,90.0,89.85
2013-04-04,89.8,90.75,88.25,88.4,88.5
2013-04-03,92.5,93.9,89.6,90.75,90.5
2013-04-02,91.5,93.4,91.25,93.2,93.15
2013-04-01,92.2,92.7,90.5,91.5,91.7
2013-03-28,88.2,91.95,87.65,91.55,91.6
2013-03-26,87.5,89.0,86.9,88.7,88.2
2013-03-25,92.45,92.45,87.6,87.8,88.0
2013-03-22,87.55,90.95,87.35,89.65,89.65
2013-03-21,90.5,92.15,87.85,87.9,88.15
2013-03-20,92.05,93.85,90.0,90.35,90.3
2013-03-19,95.55,96.2,92.5,93.4,93.05
2013-03-18,94.95,96.15,93.6,95.7,95.3
2013-03-15,97.0,98.6,95.15,95.35,95.6
2013-03-14,96.0,96.5,93.9,96.15,96.05
2013-03-13,99.0,99.0,95.5,95.7,95.8
2013-03-12,100.75,101.85,98.5,99.45,99.45
2013-03-11,100.85,101.5,99.05,100.65,100.7
2013-03-08,101.55,102.6,99.65,101.0,101.3
2013-03-07,101.7,101.75,99.1,101.2,101.1
2013-03-06,99.7,102.5,99.2,101.85,101.8
2013-03-05,94.75,99.15,94.6,98.8,98.6
2013-03-04,98.25,98.5,93.85,94.0,94.35
2013-03-01,98.9,99.65,97.5,98.8,98.95
2013-02-28,103.5,103.9,98.0,99.25,98.9
2013-02-27,102.8,103.25,99.75,102.45,102.25
2013-02-26,106.65,106.65,101.2,102.05,101.75
2013-02-25,107.1,107.95,106.0,106.45,106.65
2013-02-22,107.0,108.25,105.4,107.1,107.05
2013-02-21,110.05,110.7,107.3,107.45,107.8
2013-02-20,112.9,113.4,110.7,111.2,111.55
2013-02-19,110.6,112.35,109.65,111.95,112.0
2013-02-18,110.05,111.7,109.85,111.05,111.0
2013-02-15,109.8,111.2,109.1,109.35,109.65
2013-02-14,110.25,111.4,108.85,110.4,110.65
2013-02-13,112.0,113.5,110.05,110.25,110.5
2013-02-12,112.75,113.3,111.0,112.85,112.6
2013-02-11,109.8,112.7,107.9,112.55,112.3
2013-02-08,113.05,114.25,108.75,109.35,109.7
2013-02-07,113.8,115.4,112.75,113.3,113.35
2013-02-06,114.25,115.5,113.35,114.3,114.4
2013-02-05,112.0,114.4,111.65,113.3,113.5
2013-02-04,114.0,115.25,112.85,112.9,113.2
2013-02-01,116.05,117.4,113.0,113.25,113.3
2013-01-31,114.05,116.9,113.6,115.9,116.2
2013-01-30,115.6,116.55,114.5,115.0,115.05
2013-01-29,118.0,119.55,114.45,115.0,115.45
2013-01-28,117.4,119.5,115.25,118.25,118.4
2013-01-25,113.0,117.75,112.7,116.7,116.4
2013-01-24,118.1,118.45,113.25,113.35,113.9
2013-01-23,120.0,121.1,116.0,118.25,117.85
2013-01-22,122.9,123.75,119.25,119.9,119.75
2013-01-21,122.0,124.6,122.0,122.85,122.75
2013-01-18,122.8,124.9,122.2,122.45,122.75
2013-01-17,122.0,123.95,120.3,121.75,122.05
2013-01-16,129.0,129.55,123.0,123.6,123.4
2013-01-15,128.8,130.2,128.0,129.1,129.1
2013-01-14,126.55,128.8,125.4,128.7,128.25
2013-01-11,129.25,130.75,126.5,126.55,127.05
2013-01-10,133.1,133.65,129.0,129.4,130.05
2013-01-09,134.05,135.0,131.45,131.75,132.05
2013-01-08,134.1,134.1,131.25,133.1,133.0
2013-01-07,133.0,136.0,132.25,133.5,134.4
2013-01-04,133.05,133.8,130.8,132.45,132.55
2013-01-03,135.65,136.0,133.1,134.25,134.4
2013-01-02,136.45,137.1,134.5,134.9,135.0
2013-01-01,131.5,134.7,131.5,134.05,134.15
2012-12-31,130.0,131.9,128.6,130.0,130.5
2012-12-28,129.2,131.5,128.1,129.2,129.4
2012-12-27,129.5,130.75,127.35,129.6,128.1
2012-12-26,129.5,131.65,128.55,129.05,128.9
2012-12-24,129.0,131.4,127.85,129.05,129.1
2012-12-21,131.35,133.25,128.25,128.6,129.3
2012-12-20,128.3,133.7,127.1,132.75,132.7
2012-12-19,127.0,130.45,127.0,129.5,129.65
2012-12-18,124.4,128.45,122.1,127.45,127.45
2012-12-17,120.25,124.5,120.15,124.05,124.2
2012-12-14,116.0,120.4,115.05,120.1,119.95
2012-12-13,118.8,119.6,115.35,115.85,115.8
2012-12-12,120.35,121.2,117.8,118.1,118.4
2012-12-11,123.25,123.9,118.1,119.65,119.85
2012-12-10,123.8,124.4,121.65,122.85,123.05
2012-12-07,123.5,124.5,122.35,122.9,123.8
2012-12-06,122.0,123.5,118.3,123.0,122.9
2012-12-05,118.2,121.6,117.85,121.05,121.15
2012-12-04,117.1,117.55,116.1,117.05,117.1
2012-12-03,116.9,118.45,115.6,117.65,117.8
2012-11-30,113.65,116.95,113.65,116.4,116.6
2012-11-29,112.65,114.2,112.5,113.8,113.1
2012-11-27,109.9,112.95,109.9,112.35,112.5
2012-11-26,108.15,110.55,107.75,109.65,109.8
2012-11-23,107.55,108.7,107.2,107.8,107.9
2012-11-22,107.5,108.85,106.05,108.15,108.3
2012-11-21,106.0,107.7,105.5,106.95,107.0
2012-11-20,108.5,109.0,104.8,105.55,105.6
2012-11-19,109.0,109.35,107.05,107.55,107.55
2012-11-16,111.2,112.05,108.55,108.7,108.9
2012-11-15,112.0,112.85,110.0,111.25,111.2
2012-11-13,113.05,113.75,112.75,113.1,113.3
2012-11-12,114.0,114.2,112.3,112.75,112.85
2012-11-09,114.55,115.8,113.0,113.15,113.3
2012-11-08,112.0,114.25,111.55,113.85,113.8
2012-11-07,112.0,114.7,111.8,113.8,113.75
2012-11-06,114.1,114.25,111.55,112.4,112.45
2012-11-05,117.5,117.55,114.0,114.35,114.5
2012-11-02,117.25,118.8,116.05,117.4,117.7
2012-11-01,116.85,116.9,114.6,115.55,116.25
2012-10-31,110.2,116.9,110.2,116.7,116.55
2012-10-30,113.3,114.15,110.45,111.0,110.9
2012-10-29,113.0,114.95,113.0,113.3,113.55
2012-10-26,113.0,113.5,112.15,112.95,112.85
2012-10-25,113.45,114.75,112.95,113.4,113.75
2012-10-23,114.25,115.6,112.95,113.4,113.35
2012-10-22,114.2,115.85,113.2,115.05,115.15
2012-10-19,117.05,117.9,114.45,114.75,114.9
2012-10-18,117.4,118.85,116.65,117.55,117.75
2012-10-17,118.0,118.65,116.05,116.45,116.75
2012-10-16,120.75,120.75,116.7,117.2,117.2
2012-10-15,117.0,120.5,117.0,120.1,120.1
2012-10-12,118.3,119.95,117.2,118.0,118.05
2012-10-11,117.1,118.6,115.2,118.35,118.05
2012-10-10,117.45,119.6,115.85,115.95,116.0
2012-10-09,121.5,122.55,117.85,118.85,118.65
2012-10-08,124.15,124.5,119.5,120.05,120.5
2012-10-05,125.0,126.5,100.0,125.1,125.0
2012-10-04,125.0,126.25,123.5,123.6,123.95
2012-10-03,123.1,125.35,121.75,124.9,124.7
2012-10-01,120.5,123.45,119.0,122.9,122.85
2012-09-28,118.0,121.9,117.65,120.8,120.7
2012-09-27,116.7,118.1,116.0,116.5,116.5
2012-09-26,118.75,118.75,116.25,116.4,116.65
2012-09-25,120.95,120.95,117.75,119.2,119.55
2012-09-24,118.1,121.9,117.25,119.2,119.1
2012-09-21,115.25,118.95,114.65,118.2,118.2
2012-09-20,113.2,116.2,112.5,113.65,113.65
2012-09-18,116.0,116.2,113.7,114.35,114.55
2012-09-17,119.8,121.15,115.3,116.8,117.15
2012-09-14,115.0,119.1,114.6,117.7,118.35
2012-09-13,109.5,110.15,108.2,109.3,109.55
2012-09-12,109.65,110.4,106.7,108.85,109.1
2012-09-11,107.0,109.7,106.5,109.0,109.3
2012-09-10,106.5,109.45,106.5,108.05,108.3
2012-09-08,105.9,107.25,105.3,107.1,106.85
2012-09-07,104.25,105.5,103.6,105.25,105.15
2012-09-06,100.05,103.15,100.0,101.8,101.75
2012-09-05,103.0,104.65,100.1,100.95,100.85
2012-09-04,103.5,104.35,102.3,103.75,103.65
2012-09-03,105.4,106.0,103.25,103.3,103.8
2012-08-31,105.0,105.75,102.3,104.05,103.85
2012-08-30,103.0,107.2,102.35,106.75,106.1
2012-08-29,106.75,108.5,103.35,103.8,103.8
2012-08-28,109.95,110.5,105.15,106.5,106.7
2012-08-27,111.4,111.75,109.55,110.1,110.1
2012-08-24,112.6,112.8,110.6,111.0,111.0
2012-08-23,113.15,115.15,112.4,113.25,113.1
2012-08-22,112.0,114.7,111.7,112.7,112.75
2012-08-21,113.0,113.0,110.2,112.8,112.35
2012-08-17,116.8,117.15,113.0,113.45,113.7
2012-08-16,118.65,119.75,116.3,116.75,116.7
2012-08-14,120.7,122.75,119.25,119.9,120.1
2012-08-13,124.75,124.75,119.5,121.1,121.4
2012-08-10,121.8,124.0,121.1,123.0,122.95
2012-08-09,122.0,122.95,121.05,121.9,121.85
2012-08-08,119.1,123.2,119.1,121.15,121.4
2012-08-07,119.2,119.9,118.25,118.9,118.8
2012-08-06,118.5,119.1,117.65,117.7,118.15
2012-08-03,118.2,118.2,115.45,116.5,116.7
2012-08-02,118.5,120.35,117.95,119.4,119.15
2012-08-01,120.0,120.8,118.35,118.85,119.2
2012-07-31,119.35,121.25,115.65,120.3,120.1
2012-07-30,118.9,118.95,116.4,118.55,118.5
2012-07-27,116.95,118.85,116.0,117.6,117.5
2012-07-26,115.0,121.05,113.0,115.0,114.4
2012-07-25,116.3,116.7,113.85,114.05,114.15
2012-07-24,116.1,117.8,115.25,117.2,117.05
2012-07-23,120.6,120.65,115.75,116.75,116.4
2012-07-20,121.25,123.9,120.55,122.05,122.2
2012-07-19,122.4,123.3,121.3,122.55,122.45
2012-07-18,119.85,120.9,118.25,120.25,120.45
2012-07-17,119.3,120.5,118.95,119.45,119.85
2012-07-16,121.4,121.45,117.95,118.35,118.25
2012-07-13,124.4,124.4,119.95,120.15,120.4
2012-07-12,122.7,124.6,121.45,123.15,123.1
2012-07-11,127.0,127.0,123.35,123.5,123.85
2012-07-10,125.0,127.9,124.55,127.7,127.65
2012-07-09,120.8,125.75,120.8,124.1,124.25
2012-07-06,125.5,125.6,122.6,124.0,124.05
2012-07-05,125.5,126.7,124.4,124.95,125.45
2012-07-04,124.7,126.0,124.35,126.0,125.45
2012-07-03,121.55,124.4,121.55,123.6,123.8
2012-07-02,120.3,122.8,119.05,120.75,121.0
2012-06-29,116.9,120.4,116.5,120.05,119.9
2012-06-28,117.5,118.25,114.6,114.8,115.15
2012-06-27,116.3,117.55,115.75,116.9,117.0
2012-06-26,113.7,115.95,113.35,115.5,115.2
2012-06-25,118.25,118.45,113.85,114.65,114.75
2012-06-22,120.0,120.65,115.9,117.35,117.3
2012-06-21,121.3,122.2,119.8,121.25,121.35
2012-06-20,123.5,123.8,119.8,122.6,122.35
2012-06-19,121.7,123.6,121.0,122.9,122.65
2012-06-18,125.2,127.0,120.55,122.45,122.3
2012-06-15,121.0,124.45,120.4,123.75,123.8
2012-06-14,122.4,123.25,119.7,120.05,120.25
2012-06-13,123.3,124.15,121.15,122.5,122.6
2012-06-12,119.9,123.6,119.1,123.45,123.15
2012-06-11,122.5,123.2,120.0,120.1,120.5
2012-06-08,120.0,121.25,118.3,120.8,120.4
2012-06-07,122.65,122.65,118.75,119.8,120.0
2012-06-06,118.6,120.9,118.0,120.7,120.45
2012-06-05,116.35,119.1,116.35,117.15,117.3
2012-06-04,115.0,116.6,112.7,115.6,115.35
2012-06-01,115.6,118.9,115.6,117.0,116.55
2012-05-31,117.0,120.15,115.45,116.7,116.65
2012-05-30,115.05,115.85,112.8,114.05,114.45
2012-05-29,115.9,115.9,113.4,114.0,114.55
2012-05-28,111.9,115.65,111.9,115.0,114.95
2012-05-25,109.0,112.95,108.35,111.95,111.9
2012-05-24,109.0,111.4,107.3,111.0,110.6
2012-05-23,106.0,108.4,105.4,107.5,107.55
2012-05-22,111.35,112.4,106.75,106.8,107.05
2012-05-21,108.0,111.25,108.0,110.2,110.4
2012-05-18,106.0,109.15,105.85,108.6,107.95
2012-05-17,111.45,112.7,107.9,109.0,108.85
2012-05-16,111.55,112.6,109.5,110.45,110.3
2012-05-15,111.0,115.05,110.5,113.95,114.35
2012-05-14,114.2,115.5,110.3,111.3,111.8
2012-05-11,116.0,117.3,112.65,113.25,113.15
2012-05-10,119.2,120.8,116.5,117.3,117.5
2012-05-09,115.8,121.1,113.55,119.0,118.8
2012-05-08,115.9,119.5,113.4,117.25,117.75
2012-05-07,114.0,116.5,112.4,115.45,115.65
2012-05-04,118.75,118.8,114.35,116.0,115.9
2012-05-03,119.0,120.2,117.8,119.0,118.8
2012-05-02,120.15,121.9,119.7,119.9,120.1
2012-04-30,119.5,122.0,119.25,120.5,120.75
2012-04-28,119.5,120.2,119.15,120.2,119.85
2012-04-27,116.95,119.5,116.25,119.2,118.8
2012-04-26,120.65,121.15,115.55,117.2,116.25
2012-04-25,120.15,122.2,118.05,119.7,119.85
2012-04-24,119.5,122.25,119.0,120.85,120.65
2012-04-23,125.2,125.7,118.45,118.75,118.8
2012-04-20,126.35,128.35,123.9,124.9,125.0
2012-04-19,131.0,131.35,127.5,128.1,128.1
2012-04-18,129.0,132.2,129.0,130.5,130.75
2012-04-17,124.0,128.4,123.75,128.1,128.0
2012-04-16,124.0,124.55,122.55,124.15,124.1
2012-04-13,129.8,129.85,124.35,124.55,124.85
2012-04-12,126.0,128.45,125.55,127.95,128.0
2012-04-11,124.0,125.9,122.4,124.25,123.85
2012-04-10,127.0,128.0,123.25,124.85,124.95
2012-04-09,131.85,131.85,125.55,125.9,126.0
2012-04-04,131.0,133.65,130.15,133.05,133.1
2012-04-03,129.0,132.5,128.9,131.65,131.9
2012-04-02,130.0,130.65,126.75,127.8,127.3
2012-03-30,126.65,130.8,125.7,129.4,129.4
2012-03-29,124.5,125.5,122.65,124.55,124.8
2012-03-28,128.35,128.35,125.2,125.4,125.6
2012-03-27,131.0,131.9,127.2,129.45,129.1
2012-03-26,131.5,132.3,126.3,128.05,128.0
2012-03-23,132.0,135.5,129.05,131.7,131.4
2012-03-22,137.5,138.9,132.25,132.5,132.95
2012-03-21,137.8,137.9,134.2,137.1,136.85
2012-03-20,140.5,143.35,137.3,137.8,138.3
2012-03-19,139.7,142.8,138.9,140.6,141.15
2012-03-16,141.95,144.75,138.2,140.55,140.85
2012-03-15,142.8,143.9,140.25,141.7,141.7
2012-03-14,143.95,144.9,142.25,144.5,144.1
2012-03-13,138.9,142.5,138.15,141.85,141.45
2012-03-12,137.0,138.15,132.5,137.2,137.5
2012-03-09,134.5,136.1,132.2,134.45,134.6
2012-03-07,130.25,133.8,128.15,130.85,131.3
2012-03-06,138.55,141.75,130.5,131.15,131.75
2012-03-05,146.1,146.8,139.5,139.6,139.9
2012-03-03,148.0,148.7,147.1,147.7,147.8
2012-03-02,151.7,155.95,146.7,147.4,147.75
2012-03-01,147.3,152.3,143.6,149.75,150.35
2012-02-29,148.95,151.55,145.0,148.85,148.9
2012-02-28,141.0,148.8,141.0,146.5,146.6
2012-02-27,148.0,148.35,138.6,139.5,139.95
2012-02-24,147.5,151.3,146.1,147.85,148.05
2012-02-23,148.7,150.55,144.1,147.1,146.85
2012-02-22,156.0,157.5,146.55,147.7,148.2
2012-02-21,152.15,156.8,152.0,155.25,155.6
2012-02-17,157.45,158.2,150.2,151.05,150.95
2012-02-16,160.25,161.35,153.1,154.15,154.15
2012-02-15,162.7,164.9,159.75,162.65,162.5
2012-02-14,156.55,163.25,155.1,161.45,161.1
2012-02-13,153.85,156.5,150.0,155.5,155.85
2012-02-10,156.4,159.3,151.6,152.2,152.9
2012-02-09,158.5,161.85,148.7,159.05,159.1
2012-02-08,154.5,162.5,152.5,162.0,160.8
2012-02-07,159.0,159.0,152.15,153.3,153.7
2012-02-06,155.6,157.9,153.2,155.8,155.3
2012-02-03,157.8,157.8,150.8,152.4,152.65
2012-02-02,155.6,159.0,152.5,158.1,158.0
2012-02-01,147.2,153.8,144.35,153.4,153.2
2012-01-31,139.0,148.95,136.3,148.65,146.6
2012-01-30,144.0,144.0,137.0,137.05,137.55
2012-01-27,143.85,148.0,143.0,144.25,144.45
2012-01-25,144.8,146.25,141.25,142.1,142.05
2012-01-24,137.4,144.9,136.3,143.5,143.8
2012-01-23,142.9,144.2,136.3,136.55,137.35
2012-01-20,146.0,147.4,141.6,143.6,143.6
2012-01-19,142.3,147.2,142.25,144.75,145.8
2012-01-18,140.3,141.8,137.75,139.2,139.75
2012-01-17,134.0,142.7,133.95,139.8,140.5
2012-01-16,130.8,133.5,130.4,132.2,132.55
2012-01-13,133.7,135.65,130.2,133.85,133.4
2012-01-12,129.5,133.9,129.0,132.9,132.7
2012-01-11,124.5,130.8,124.5,130.35,130.35
2012-01-10,118.5,123.65,118.5,123.05,123.15
2012-01-09,117.5,119.25,115.05,118.0,117.85
2012-01-07,118.25,118.8,117.65,117.8,117.9
2012-01-06,115.9,119.7,114.25,119.0,118.7
2012-01-05,118.15,119.1,115.85,116.6,116.4
2012-01-04,117.0,119.0,114.7,117.9,118.3
2012-01-03,114.2,116.0,113.1,114.9,115.55
2012-01-02,117.0,117.25,111.2,112.5,112.25
2011-12-30,118.6,119.4,115.1,115.3,115.85
2011-12-29,115.0,118.5,114.75,117.5,117.2
2011-12-28,119.0,120.1,115.75,116.65,116.6
2011-12-27,121.0,122.6,119.05,119.4,119.6
2011-12-26,122.65,123.0,120.35,120.55,120.9
2011-12-23,123.5,125.9,120.6,121.6,121.75
2011-12-22,121.0,123.35,119.2,122.45,122.6
2011-12-21,124.0,124.5,120.2,122.55,122.9
2011-12-20,125.3,126.2,118.1,119.1,118.85
2011-12-19,124.5,126.6,122.5,124.75,124.8
2011-12-16,128.1,131.75,124.15,125.4,125.9
2011-12-15,124.0,128.75,122.0,128.35,127.4
2011-12-14,129.1,130.6,126.45,127.3,127.3
2011-12-13,122.85,131.2,121.55,131.2,129.55
2011-12-12,134.25,134.6,122.6,123.8,123.55
2011-12-09,126.9,135.6,125.95,132.2,132.15
2011-12-08,136.1,136.5,129.1,130.65,130.6
2011-12-07,137.9,140.3,136.55,136.6,137.8
2011-12-05,134.3,137.7,131.75,136.1,136.5
2011-12-02,130.45,136.85,129.1,135.4,135.4
2011-12-01,129.45,134.2,129.2,131.55,131.25
2011-11-30,121.0,123.95,120.35,123.45,122.95
2011-11-29,124.75,124.75,121.0,122.4,122.35
2011-11-28,115.4,125.45,115.4,124.7,124.35
2011-11-25,117.4,117.7,112.8,113.3,113.5
2011-11-24,120.0,120.3,115.85,118.8,118.05
2011-11-23,119.9,120.65,117.25,119.75,119.45
2011-11-22,120.1,123.65,120.1,121.65,122.0
2011-11-21,122.0,123.0,118.6,118.9,119.25
2011-11-18,121.7,124.5,118.25,123.65,123.7
2011-11-17,123.5,127.5,121.05,121.7,122.85
2011-11-16,125.85,127.6,121.3,124.5,123.4
2011-11-15,126.0,128.0,123.7,125.3,125.45
2011-11-14,131.5,132.7,125.5,126.5,126.2
2011-11-11,136.0,136.0,126.35,128.7,128.7
2011-11-09,140.0,141.7,133.3,133.85,134.5
2011-11-08,140.25,141.7,137.65,139.85,139.85
2011-11-04,139.0,139.75,137.1,139.1,139.25
2011-11-03,135.1,137.0,133.2,136.5,135.75
2011-11-02,133.3,137.9,133.1,135.75,136.15
2011-11-01,135.35,137.9,134.1,135.6,135.85
2011-10-31,141.0,141.0,135.1,136.2,135.95
2011-10-28,135.1,144.15,135.0,142.0,142.3
2011-10-26,126.7,129.1,126.5,128.25,128.25
2011-10-25,124.6,126.45,124.1,126.1,125.35
2011-10-24,124.05,125.5,122.5,123.55,123.4
2011-10-21,125.5,125.5,121.15,121.65,121.75
2011-10-20,125.0,126.8,123.75,124.65,124.7
2011-10-19,127.7,128.4,126.5,127.15,127.7
2011-10-18,127.0,128.0,124.1,125.15,125.4
2011-10-17,129.8,131.35,128.25,130.2,130.2
2011-10-14,127.5,130.25,125.1,128.1,128.7
2011-10-13,134.0,134.4,127.8,128.25,128.95
2011-10-12,131.0,134.2,127.65,133.1,132.7
2011-10-11,129.3,132.3,129.1,130.1,130.35
2011-10-10,126.0,129.9,125.1,127.45,127.05
2011-10-07,125.85,127.2,123.85,126.1,125.9
2011-10-05,126.5,126.95,119.3,120.15,120.1
2011-10-04,122.05,126.85,121.85,124.85,124.9
2011-10-03,128.55,128.55,123.2,124.1,123.95
2011-09-30,132.0,135.0,130.25,130.3,131.45
2011-09-29,129.3,134.4,128.0,133.95,133.85
2011-09-28,136.0,136.0,129.25,131.15,131.8
2011-09-27,133.0,135.85,130.7,134.6,134.45
2011-09-26,132.35,133.0,124.5,128.45,128.7
2011-09-23,137.0,137.7,132.1,133.8,133.9
2011-09-22,142.4,142.4,138.45,139.1,139.4
2011-09-21,151.0,151.55,145.0,145.15,145.65
2011-09-20,143.6,150.5,143.2,150.4,150.05
2011-09-19,143.4,145.75,141.1,143.75,144.2
2011-09-16,145.5,149.9,143.4,144.2,144.65
2011-09-15,146.15,147.0,142.5,144.35,144.25
2011-09-14,142.5,146.25,139.2,146.05,145.1
2011-09-13,144.5,147.25,140.4,141.3,141.95
2011-09-12,147.0,147.0,141.6,141.9,142.9
2011-09-09,159.9,159.9,149.5,149.7,149.9
2011-09-08,160.75,161.9,158.2,158.35,159.0
2011-09-07,156.2,163.7,154.85,160.5,159.9
2011-09-06,152.0,156.5,150.25,154.8,155.55
2011-09-05,152.4,154.3,148.55,153.2,153.5
2011-09-02,155.0,156.9,150.0,155.2,154.65
2011-08-30,147.0,151.65,142.6,151.4,150.6
2011-08-29,140.7,146.1,140.6,143.55,144.1
2011-08-26,142.9,143.95,138.15,139.15,139.15
2011-08-25,147.95,148.7,141.85,142.45,143.3
2011-08-24,145.4,149.7,145.0,145.8,146.65
2011-08-23,145.35,147.3,142.1,145.25,145.75
2011-08-22,140.5,145.0,135.0,145.0,144.4
2011-08-19,134.0,141.35,128.2,140.4,139.55
2011-08-18,143.85,143.85,136.6,136.8,137.65
2011-08-17,144.5,146.4,140.1,142.2,142.55
2011-08-16,151.0,153.15,142.9,146.5,144.35
2011-08-12,159.25,159.25,149.0,149.5,150.2
2011-08-11,154.45,158.4,153.1,157.35,157.2
2011-08-10,152.9,157.3,151.3,155.5,155.9
2011-08-09,146.2,154.25,143.35,149.0,147.95
2011-08-08,158.0,159.2,150.5,150.7,151.65
2011-08-05,156.65,164.0,152.0,163.8,162.95
2011-08-04,166.9,167.9,160.3,162.1,161.35
2011-08-03,162.9,166.4,159.45,166.0,165.35
2011-08-02,167.9,168.35,164.05,164.85,164.8
2011-08-01,170.75,171.9,166.15,169.0,168.25
2011-07-29,167.1,170.35,166.2,168.8,168.45
2011-07-28,171.5,171.5,167.05,167.7,167.95
2011-07-27,178.0,178.4,171.3,172.2,172.65
2011-07-26,181.35,182.6,176.6,177.85,177.85
2011-07-25,176.2,181.7,174.85,181.35,181.0
2011-07-22,179.1,179.8,175.3,177.1,176.7
2011-07-21,178.8,178.9,176.0,176.75,176.85
2011-07-20,185.85,185.9,177.7,178.25,178.8
2011-07-19,182.9,185.0,181.4,184.2,184.55
2011-07-18,177.8,182.95,177.7,182.95,182.4
2011-07-15,178.65,180.15,176.3,176.7,176.6
2011-07-14,176.5,181.8,175.8,177.75,178.25
2011-07-13,177.0,178.9,174.3,177.85,177.1
2011-07-12,176.5,181.5,175.0,175.25,175.8
2011-07-11,187.0,187.0,178.75,180.25,180.05
2011-07-08,194.8,194.8,187.25,188.0,188.1
2011-07-07,189.0,196.0,187.65,195.7,195.65
2011-07-06,187.0,189.8,185.7,189.45,189.3
2011-07-05,191.6,191.6,185.0,186.5,186.65
2011-07-04,189.0,190.85,185.35,190.25,190.25
2011-07-01,184.35,187.9,182.2,187.35,187.0
2011-06-30,183.8,183.8,178.85,180.3,180.55
2011-06-29,181.75,184.4,181.3,182.0,182.05
2011-06-28,174.4,181.4,173.65,181.0,180.8
2011-06-27,172.0,175.85,171.2,173.5,174.1
2011-06-24,168.05,174.4,167.75,173.15,172.85
2011-06-23,167.0,168.6,164.55,166.4,166.65
2011-06-22,171.4,171.6,166.15,167.45,167.65
2011-06-21,169.45,172.95,168.0,169.6,169.6
2011-06-20,170.65,170.7,161.7,168.05,168.6
2011-06-17,175.6,175.6,166.7,170.2,169.85
2011-06-16,171.0,174.65,170.75,173.35,173.15
2011-06-15,177.0,178.65,172.8,172.9,173.3
2011-06-14,181.0,181.8,176.25,176.7,176.75
2011-06-13,183.85,183.85,179.5,180.35,180.35
2011-06-10,183.75,186.0,183.0,184.6,184.75
2011-06-09,184.25,185.15,181.7,182.85,183.0
2011-06-08,187.0,188.7,182.5,183.6,183.65
2011-06-07,186.0,188.45,185.0,188.3,187.7
2011-06-06,189.0,190.95,185.0,186.2,186.3
2011-06-03,194.3,196.5,188.25,189.8,189.15
2011-06-02,195.0,195.7,192.4,194.1,194.0
2011-06-01,198.25,198.75,195.35,197.3,197.3
2011-05-31,192.8,198.0,189.55,197.75,197.35
2011-05-30,198.15,199.5,191.8,192.25,193.05
2011-05-27,188.05,199.0,187.0,198.8,197.55
2011-05-26,186.0,189.35,185.5,187.15,186.55
2011-05-25,185.95,188.9,181.25,184.5,183.9
2011-05-24,187.0,188.5,183.1,186.7,186.75
2011-05-23,190.1,191.35,187.35,188.75,188.6
2011-05-20,190.95,195.0,189.75,192.3,192.1
2011-05-19,196.55,198.45,188.25,190.0,189.5
2011-05-18,195.0,198.5,194.3,196.45,196.55
2011-05-17,194.9,197.35,191.9,194.1,193.45
2011-05-16,197.4,198.4,192.5,195.1,194.9
2011-05-13,196.0,202.2,195.5,199.0,197.95
2011-05-12,203.25,203.25,193.55,194.6,195.15
2011-05-11,203.65,205.95,202.8,204.85,204.85
2011-05-10,204.9,207.5,201.7,202.55,203.2
2011-05-09,202.5,206.25,200.75,202.75,202.6
2011-05-06,200.05,204.4,196.8,200.5,201.7
2011-05-05,204.0,208.65,200.6,201.0,201.95
2011-05-04,204.65,208.1,200.3,205.35,205.45
2011-05-03,213.2,214.6,204.75,204.95,206.35
2011-05-02,216.25,219.8,212.15,213.2,213.35
2011-04-29,219.9,219.9,213.1,216.0,216.05
2011-04-28,220.75,222.4,218.2,219.0,219.05
2011-04-27,224.2,224.75,219.1,219.4,220.05
2011-04-26,218.75,224.3,216.5,223.05,223.0
2011-04-25,220.85,221.65,215.8,218.9,219.2
2011-04-21,216.3,221.4,216.0,220.3,220.8
2011-04-20,206.35,215.3,206.25,215.2,214.35
2011-04-19,203.8,205.95,200.0,204.9,205.0
2011-04-18,211.7,213.1,203.05,203.9,203.65
2011-04-15,208.05,213.45,208.05,209.8,210.2
2011-04-13,206.4,210.65,205.0,210.1,209.65
2011-04-11,207.95,210.6,205.9,207.15,207.4
2011-04-08,215.15,217.5,208.3,209.0,209.0
2011-04-07,212.7,217.5,212.7,215.7,216.05
2011-04-06,216.9,217.8,211.5,213.3,212.4
2011-04-05,216.75,220.0,213.65,214.8,215.45
2011-04-04,214.05,217.4,213.55,215.8,215.9
2011-04-01,209.7,215.0,209.45,214.1,214.25
2011-03-31,206.0,210.0,203.45,209.5,209.15
2011-03-30,209.5,210.2,204.4,205.5,205.25
2011-03-29,205.65,210.0,204.9,207.9,207.9
2011-03-28,205.75,208.55,204.2,205.85,205.7
2011-03-25,208.9,208.9,204.1,206.4,206.65
2011-03-24,197.9,205.35,197.3,205.1,204.8
2011-03-23,191.3,197.05,190.55,196.6,196.35
2011-03-22,191.8,193.45,189.35,191.45,191.85
2011-03-21,198.45,199.0,190.05,190.9,190.7
2011-03-18,199.45,201.65,196.1,196.2,196.8
2011-03-17,201.25,203.4,196.85,198.1,197.7
2011-03-16,205.05,207.0,202.5,203.15,203.15
2011-03-15,203.25,206.1,202.7,204.25,204.2
2011-03-14,203.8,209.95,203.8,209.1,209.1
2011-03-11,206.5,208.55,203.5,206.0,205.75
2011-03-10,211.0,211.55,205.85,209.6,209.3
2011-03-09,212.35,215.4,211.2,212.45,213.0
2011-03-08,209.0,212.75,207.55,211.75,211.95
2011-03-07,208.5,211.5,207.65,210.0,210.0
2011-03-04,212.0,213.4,207.5,210.35,210.05
2011-03-03,210.05,212.6,205.85,210.15,210.0
2011-03-01,203.15,213.35,202.8,212.9,212.45
2011-02-28,201.5,209.35,196.1,201.7,201.35
2011-02-25,208.55,209.0,194.5,200.75,200.05
2011-02-24,210.0,211.95,203.15,206.05,205.3
2011-02-23,211.25,215.7,210.4,212.55,212.4
2011-02-22,210.0,214.55,208.1,212.15,212.2
2011-02-21,210.05,213.5,205.4,212.8,212.7
2011-02-18,212.45,217.45,208.3,210.5,209.6
2011-02-17,212.0,214.35,210.55,211.25,211.4
2011-02-16,213.35,215.55,207.6,211.9,211.65
2011-02-15,220.0,220.3,211.55,212.65,212.4
2011-02-14,209.95,219.9,203.6,219.4,219.3
2011-02-11,216.0,216.95,201.55,211.45,210.95
2011-02-10,219.0,220.05,211.8,214.55,215.75
2011-02-09,231.9,232.2,217.3,219.7,219.35
2011-02-08,234.65,238.95,231.05,234.0,233.85
2011-02-07,236.8,238.7,227.95,233.45,232.25
2011-02-04,246.55,251.25,234.55,235.75,236.55
2011-02-03,235.05,247.0,234.7,246.85,246.05
2011-02-02,232.0,237.9,231.15,234.7,234.8
2011-02-01,230.5,233.75,227.7,229.2,229.9
2011-01-31,220.0,231.4,217.4,231.15,229.65
2011-01-28,232.7,234.15,217.6,226.3,223.55
2011-01-27,236.05,238.0,231.55,233.0,232.95
2011-01-25,233.2,238.7,232.5,234.5,235.1
2011-01-24,234.5,235.9,230.2,232.15,232.05
2011-01-21,233.1,237.0,233.1,234.4,234.45
2011-01-20,232.25,239.75,232.0,236.25,236.5
2011-01-19,230.0,237.7,229.0,236.4,235.6
2011-01-18,225.65,230.6,225.65,229.8,229.45
2011-01-17,228.8,232.05,223.75,224.8,224.85
2011-01-14,233.9,238.75,228.7,228.95,230.0
2011-01-13,237.25,240.95,232.1,235.1,234.25
2011-01-12,233.75,238.8,226.45,237.25,237.5
2011-01-11,222.0,234.0,222.0,233.95,230.6
2011-01-10,234.65,234.65,220.8,221.65,222.1
2011-01-07,251.45,251.45,230.6,232.7,233.3
2011-01-06,249.0,252.85,246.5,250.3,251.35
2011-01-05,243.0,249.45,242.1,246.75,246.5
2011-01-04,247.35,247.9,241.3,243.8,244.1
2011-01-03,248.0,249.75,245.4,245.65,246.1
2010-12-31,244.75,247.9,243.3,246.2,247.0
2010-12-30,242.4,245.2,240.9,245.2,244.65
2010-12-29,238.5,242.95,238.25,241.6,241.55
2010-12-28,237.05,240.3,236.2,237.0,237.5
2010-12-27,239.0,241.25,235.8,237.8,237.65
2010-12-24,232.1,240.5,231.8,239.3,239.6
2010-12-23,238.2,239.0,233.05,233.7,233.75
2010-12-22,234.9,238.7,233.2,237.85,238.1
2010-12-21,224.4,235.6,224.05,232.8,233.6
2010-12-20,222.0,226.35,220.7,223.05,223.95
2010-12-16,221.1,225.1,216.25,224.25,224.15
2010-12-15,225.35,225.75,219.75,221.75,222.05
2010-12-14,223.0,225.9,221.15,224.35,224.75
2010-12-13,215.95,222.9,211.7,221.3,221.6
2010-12-10,207.0,216.75,206.9,215.2,215.3
2010-12-09,222.1,223.05,207.65,210.75,209.75
2010-12-08,225.95,225.95,220.1,220.75,222.0
2010-12-07,222.5,228.5,221.5,227.15,226.8
2010-12-06,215.85,224.9,215.85,221.5,221.35
2010-12-03,219.4,219.9,212.6,216.0,215.35
2010-12-02,217.3,220.2,216.3,219.1,218.75
2010-12-01,207.05,216.4,207.05,213.7,213.7
2010-11-30,200.0,208.85,195.6,208.0,206.55
2010-11-29,198.5,203.65,197.3,200.8,201.75
2010-11-26,205.0,208.5,194.0,198.1,200.05
2010-11-25,209.3,211.3,201.1,202.35,202.8
2010-11-24,211.0,214.65,206.2,207.0,207.6
2010-11-23,211.0,213.2,204.1,210.6,210.8
2010-11-22,214.1,217.95,212.55,213.95,214.8
2010-11-19,222.25,222.25,210.6,212.1,212.6
2010-11-18,213.0,224.4,206.75,221.05,222.2
2010-11-16,224.95,224.95,210.95,212.1,211.9
2010-11-15,223.3,226.0,215.75,224.25,224.05
2010-11-12,233.0,233.0,221.3,223.75,223.1
2010-11-11,229.0,238.65,225.45,234.6,233.95
2010-11-10,225.5,230.7,221.65,227.8,228.1
2010-11-09,231.75,234.45,228.8,231.85,230.75
2010-11-08,235.6,239.45,228.5,231.05,230.25
2010-11-05,228.1,239.0,228.1,238.0,232.45
2010-11-04,221.7,228.2,220.2,226.5,226.45
2010-11-03,216.65,220.1,216.65,220.0,218.9
2010-11-02,213.35,216.0,211.65,215.8,215.35
2010-11-01,214.9,216.75,211.7,212.85,212.95
2010-10-29,216.75,217.25,203.6,211.85,210.5
2010-10-28,220.0,220.5,213.35,216.1,216.3
2010-10-27,215.15,222.55,214.4,218.75,219.45
2010-10-26,221.5,222.0,216.2,218.05,217.75
2010-10-25,213.25,223.7,213.25,221.0,221.2
2010-10-22,213.0,215.25,210.2,212.0,211.9
2010-10-21,205.0,214.9,203.75,213.1,213.35
2010-10-20,203.2,207.35,201.2,203.15,203.15
2010-10-19,212.3,213.2,205.5,205.65,206.35
2010-10-18,222.9,222.9,207.2,210.95,211.4
2010-10-15,216.0,217.95,212.0,213.0,212.6
2010-10-14,217.45,219.05,214.1,216.0,215.9
2010-10-13,212.0,217.1,212.0,217.05,216.45
2010-10-12,213.0,215.75,207.2,211.05,210.7
2010-10-11,215.05,219.0,214.15,215.2,215.1
2010-10-08,211.8,217.25,210.8,215.65,214.7
2010-10-07,212.0,217.3,209.0,212.05,211.8
2010-10-06,207.7,212.65,205.5,210.6,210.45
2010-10-05,205.9,208.0,201.9,202.6,203.05
2010-10-04,206.0,210.25,204.3,206.0,205.9
2010-10-01,197.5,205.4,195.8,205.2,204.35
2010-09-30,192.0,198.7,188.8,195.9,197.05
2010-09-29,197.0,198.45,190.3,191.7,191.55
2010-09-28,197.0,198.0,192.15,196.9,196.0
2010-09-27,192.0,199.7,192.0,196.9,196.85
2010-09-24,189.7,192.25,189.2,191.3,191.15
2010-09-23,190.0,192.15,187.8,189.5,189.7
2010-09-22,191.95,193.65,187.4,189.6,189.75
2010-09-21,193.95,195.15,189.3,191.7,191.6
2010-09-20,189.0,195.0,187.15,194.35,193.95
2010-09-17,187.0,191.25,187.0,188.7,189.05
2010-09-16,189.0,191.7,185.05,186.65,186.1
2010-09-15,186.0,192.85,186.0,189.8,189.95
2010-09-14,191.85,192.5,185.15,186.3,186.45
2010-09-13,183.5,192.5,183.0,190.8,191.05
2010-09-09,181.5,183.9,177.7,182.0,182.4
2010-09-08,179.4,182.4,178.35,181.25,181.3
2010-09-07,177.5,182.75,177.5,180.1,180.7
2010-09-06,173.0,180.15,173.0,178.8,178.95
2010-09-03,172.85,174.75,169.95,170.45,170.45
2010-09-02,175.25,176.55,172.55,172.75,173.65
2010-09-01,167.6,174.85,166.5,174.4,174.25
2010-08-31,165.9,167.0,162.35,166.6,166.4
2010-08-30,165.55,168.25,164.75,167.2,167.05
2010-08-27,163.5,167.75,162.3,164.0,164.0
2010-08-26,165.0,166.2,160.05,164.3,164.05
2010-08-25,168.0,168.0,162.1,163.5,163.65
2010-08-24,176.5,176.5,167.55,168.0,168.5
2010-08-23,176.0,178.95,173.8,176.0,175.55
2010-08-20,179.5,179.9,176.3,178.7,178.55
2010-08-19,179.9,189.0,174.7,179.0,179.8
2010-08-18,169.0,177.0,168.75,177.0,176.1
2010-08-17,164.6,169.6,164.6,168.85,168.15
2010-08-16,166.25,169.0,162.1,164.95,164.65
2010-08-13,166.75,169.8,164.8,166.85,166.05
2010-08-12,163.0,167.9,162.0,167.4,167.0
2010-08-11,163.8,170.3,163.2,164.8,164.55
2010-08-10,167.0,169.5,162.4,165.45,163.6
2010-08-09,164.25,167.5,163.75,167.4,167.05
2010-08-06,165.0,166.25,163.05,164.35,164.0
2010-08-05,166.0,167.7,164.75,165.2,165.2
2010-08-04,165.4,166.5,163.55,166.1,165.5
2010-08-03,165.55,166.95,162.1,166.5,165.5
2010-08-02,161.4,165.0,161.4,164.5,164.4
2010-07-30,160.5,162.9,159.55,159.8,160.35
2010-07-29,157.0,162.0,157.0,161.8,161.0
2010-07-28,157.2,159.2,157.0,158.5,158.3
2010-07-27,156.8,159.3,156.0,157.25,157.25
2010-07-26,158.5,159.1,155.1,155.1,155.55
2010-07-23,158.8,159.3,157.0,157.55,158.1
2010-07-22,157.0,158.1,155.35,157.75,157.9
2010-07-21,153.5,157.0,153.35,156.1,156.45
2010-07-20,153.0,155.4,152.1,152.1,152.8
2010-07-19,148.0,153.35,148.0,152.6,152.6
2010-07-16,150.5,151.45,149.9,150.05,150.15
2010-07-15,150.0,151.85,149.05,150.6,150.9
2010-07-14,153.2,154.8,149.35,149.5,150.65
2010-07-13,150.0,151.9,148.25,151.6,151.3
2010-07-12,149.0,151.5,148.55,149.3,149.5
2010-07-09,145.0,149.9,145.0,148.8,149.0
2010-07-08,142.5,145.45,142.5,144.5,144.85
2010-07-07,144.95,144.95,141.05,142.0,142.0
2010-07-06,142.0,145.0,141.5,143.6,143.85
2010-07-05,144.8,144.8,141.25,141.75,141.65
2010-07-02,142.95,145.4,141.6,143.2,143.75
2010-07-01,143.0,143.9,141.0,143.55,142.95
2010-06-30,143.0,144.95,140.75,144.6,144.5
2010-06-29,149.8,150.4,142.5,143.85,144.2
2010-06-28,149.9,151.5,149.2,150.85,150.65
2010-06-25,151.0,151.4,147.9,149.0,148.5
2010-06-24,151.7,153.25,149.4,151.15,151.0
2010-06-23,148.9,153.3,148.55,152.4,152.0
2010-06-22,153.0,153.35,149.75,151.45,151.65
2010-06-21,147.55,154.6,146.8,153.2,153.6
2010-06-18,146.0,146.6,142.55,145.75,145.35
2010-06-17,145.95,147.8,142.35,146.65,146.75
2010-06-16,146.0,147.7,143.95,145.0,145.15
2010-06-15,143.8,145.4,141.5,144.45,144.75
2010-06-14,141.45,144.0,140.05,143.3,143.25
2010-06-11,140.0,141.45,137.4,139.4,139.5
2010-06-10,134.7,139.2,132.7,139.0,138.5
2010-06-09,134.2,136.25,129.35,134.1,132.95
2010-06-08,141.0,142.45,131.3,132.5,132.15
2010-06-07,142.0,144.9,135.0,141.25,140.65
2010-06-04,146.0,148.8,143.6,147.15,147.6
2010-06-03,145.0,147.5,144.25,145.5,145.95
2010-06-02,143.0,145.3,139.6,143.6,142.7
2010-06-01,149.7,150.95,142.85,143.15,143.6
2010-05-31,150.9,150.9,145.6,149.95,150.25
2010-05-28,150.9,155.7,149.3,150.0,150.9
2010-05-27,146.0,149.55,143.65,148.6,148.4
2010-05-26,139.0,149.5,138.6,148.0,148.2
2010-05-25,142.0,144.9,135.65,137.4,137.75
2010-05-24,152.1,155.65,144.2,144.5,145.6
2010-05-21,154.0,154.0,148.7,151.4,151.65
2010-05-20,158.0,159.25,154.2,157.0,156.55
2010-05-19,160.0,162.75,154.7,156.7,156.5
2010-05-18,163.5,165.4,160.15,162.8,162.85
2010-05-17,161.8,166.3,158.2,163.75,163.85
2010-05-14,168.0,169.95,162.7,163.6,163.4
2010-05-13,171.0,172.9,168.1,169.25,169.25
2010-05-12,170.25,173.35,167.15,169.9,170.65
2010-05-11,178.0,178.0,168.6,168.85,169.95
2010-05-10,164.0,176.25,164.0,176.25,175.45
2010-05-07,161.0,164.85,158.0,164.0,163.0
2010-05-06,163.5,164.95,158.5,164.0,164.0
2010-05-05,158.0,165.0,157.7,164.8,163.65
2010-05-04,173.25,174.5,161.65,163.3,162.95
2010-05-03,176.0,176.7,171.4,173.25,172.95
2010-04-30,179.95,181.25,177.75,178.8,178.5
2010-04-29,180.35,181.25,178.55,179.5,180.3
2010-04-28,180.0,180.9,171.2,180.05,179.3
2010-04-27,184.0,184.8,182.15,183.9,183.75
2010-04-26,178.3,185.2,178.3,184.1,184.15
2010-04-23,179.75,180.5,177.75,178.2,178.2
2010-04-22,179.0,182.15,176.8,179.3,179.75
2010-04-21,182.5,183.65,179.4,179.55,179.8
2010-04-20,178.9,182.25,178.25,182.1,181.7
2010-04-19,173.0,178.95,170.0,178.2,178.2
2010-04-16,178.0,178.0,171.95,174.0,174.5
2010-04-15,179.2,182.25,175.8,177.0,176.75
2010-04-13,180.3,181.4,176.5,178.7,178.35
2010-04-12,180.5,193.0,179.0,180.05,180.25
2010-04-09,177.0,180.8,177.0,179.0,178.8
2010-04-08,184.7,185.0,175.65,176.0,176.5
2010-04-07,184.6,186.65,182.7,184.55,184.6
2010-04-06,187.25,188.4,183.75,184.65,184.6
2010-04-05,184.0,187.95,183.9,187.7,187.25
2010-04-01,182.0,184.7,180.6,183.75,183.75
2010-03-31,184.0,185.3,179.6,181.3,181.25
2010-03-30,184.8,186.9,183.4,184.1,183.95
2010-03-29,170.2,185.95,170.2,184.2,184.25
2010-03-26,178.0,180.45,176.55,178.55,178.65
2010-03-25,169.8,180.0,169.1,179.35,177.65
2010-03-23,170.1,171.7,168.1,170.1,170.45
2010-03-22,174.0,174.85,168.6,168.85,169.25
2010-03-19,176.6,177.9,174.3,174.85,175.6
2010-03-18,175.0,177.8,172.55,177.5,176.35
2010-03-17,169.3,174.7,169.3,173.65,173.45
2010-03-16,160.4,170.35,160.4,169.6,169.55
2010-03-15,165.0,168.0,162.6,165.6,165.65
2010-03-12,160.8,166.65,159.8,165.05,165.05
2010-03-11,162.9,162.9,158.15,160.85,159.75
2010-03-10,163.0,165.2,160.75,162.9,162.7
2010-03-09,167.8,167.8,161.5,161.65,162.1
2010-03-08,170.1,171.1,165.15,166.35,166.2
2010-03-05,169.0,172.5,167.4,167.5,168.0
2010-03-04,171.0,171.0,167.15,168.6,169.2
2010-03-03,170.0,172.65,168.65,171.15,171.45
2010-03-02,164.0,172.8,163.6,171.45,169.25
2010-02-26,154.0,164.9,153.35,162.45,162.65
2010-02-25,156.0,156.95,152.1,153.75,153.35
2010-02-24,154.0,158.4,151.9,155.25,155.0
2010-02-23,153.5,156.4,151.85,155.7,154.8
2010-02-22,151.9,156.5,151.9,154.55,154.15
2010-02-19,151.0,152.25,146.4,149.9,149.9
2010-02-18,153.4,154.8,150.3,153.0,152.6
2010-02-17,147.9,154.8,147.45,152.9,152.75
2010-02-16,141.9,146.5,139.5,146.25,145.4
2010-02-15,139.0,141.7,137.65,140.6,140.85
2010-02-11,137.25,140.35,137.0,138.5,138.25
2010-02-10,136.0,140.75,135.0,136.1,136.5
2010-02-09,137.0,138.25,133.55,134.1,134.4
2010-02-08,137.0,143.8,133.7,136.45,136.2
2010-02-06,143.0,143.0,140.0,142.2,141.25
2010-02-05,142.4,143.45,136.3,138.1,138.15
2010-02-04,147.0,155.0,144.2,146.75,146.15
2010-02-03,152.1,157.45,152.1,155.8,156.25
2010-02-02,152.0,155.75,150.25,151.2,151.05
2010-02-01,145.0,151.5,142.2,149.25,149.4
2010-01-29,147.0,149.0,139.8,148.5,147.35
2010-01-28,150.65,156.35,145.8,148.1,148.0
2010-01-27,156.5,157.4,148.65,150.6,150.05
2010-01-25,161.1,165.7,157.25,159.5,159.2
2010-01-22,160.1,163.1,155.25,160.95,161.35
2010-01-21,165.0,165.75,161.7,163.8,162.85
2010-01-20,163.0,167.15,162.6,166.0,165.75
2010-01-19,166.0,168.95,162.0,162.1,163.0
2010-01-18,166.2,168.9,165.4,166.9,167.25
2010-01-15,171.0,171.75,165.75,166.75,166.6
2010-01-14,172.0,172.9,169.5,170.75,170.85
2010-01-13,164.95,172.2,164.3,171.35,171.15
2010-01-12,172.0,173.0,166.5,168.1,167.85
2010-01-11,174.5,176.7,170.6,171.95,171.7
2010-01-08,175.0,176.9,172.5,172.95,173.3
2010-01-07,175.15,176.75,171.9,174.9,175.15
2010-01-06,175.85,175.9,168.75,171.15,171.05
2010-01-05,165.1,179.8,164.0,174.0,175.2
2010-01-04,162.0,164.4,160.2,163.25,163.5
2009-12-31,160.45,162.2,158.8,161.2,160.85
2009-12-30,163.0,163.0,158.5,159.65,159.9
2009-12-29,152.25,162.8,152.25,162.0,162.0
2009-12-24,153.85,159.9,152.15,158.0,158.15
2009-12-23,143.0,155.9,142.3,152.75,153.4
2009-12-22,138.15,142.95,138.0,142.75,142.45
2009-12-21,143.0,144.7,136.25,136.3,137.15
2009-12-18,145.5,145.5,141.6,142.95,142.85
2009-12-17,143.5,146.95,142.85,145.25,145.15
2009-12-16,139.8,144.65,139.8,144.55,143.05
2009-12-15,141.75,143.75,140.3,140.75,141.6
2009-12-14,141.9,145.25,139.5,140.3,140.15
2009-12-11,144.75,145.45,140.8,141.9,141.9
2009-12-10,142.7,145.0,141.75,143.1,143.0
2009-12-09,142.1,145.75,140.9,141.9,141.75
2009-12-08,143.0,146.95,142.45,146.0,146.1
2009-12-07,147.5,147.7,140.25,142.95,142.7
2009-12-04,145.0,150.4,145.0,146.55,147.25
2009-12-03,144.2,147.8,143.25,146.4,146.05
2009-12-02,143.3,145.65,141.7,142.6,142.75
2009-12-01,138.5,142.5,138.5,142.0,142.1
2009-11-30,134.95,139.9,134.15,137.5,138.1
2009-11-27,130.0,134.5,125.3,134.25,132.85
2009-11-26,135.0,140.8,132.0,133.1,133.1
2009-11-25,134.25,136.45,133.5,135.0,135.0
2009-11-24,132.9,136.45,131.45,132.85,134.55
2009-11-23,135.1,135.5,130.95,133.0,133.2
2009-11-20,128.0,135.0,126.0,134.65,134.6
2009-11-19,134.05,136.9,128.7,130.3,130.1
2009-11-18,134.7,135.75,133.0,134.2,134.65
2009-11-17,135.0,136.75,132.6,135.1,135.15
2009-11-16,132.2,135.5,131.5,133.75,134.4
2009-11-13,129.0,131.9,128.0,130.6,130.85
2009-11-12,132.0,133.0,127.6,129.6,129.05
2009-11-11,127.1,132.3,125.15,131.7,131.85
2009-11-10,131.15,131.9,126.05,126.45,126.5
2009-11-09,126.5,130.3,125.05,130.0,129.45
2009-11-06,127.9,128.95,124.15,126.1,125.7
2009-11-05,119.0,126.35,116.5,126.25,125.25
2009-11-04,112.0,120.0,109.9,119.1,119.15
2009-11-03,118.4,118.4,106.3,109.1,109.0
2009-10-30,122.3,127.55,120.0,122.2,121.85
2009-10-29,120.8,124.35,118.8,120.8,120.25
2009-10-28,123.6,129.0,121.0,123.95,123.4
2009-10-27,135.2,135.9,124.55,126.5,126.1
2009-10-26,143.0,143.15,136.65,137.0,137.3
2009-10-23,141.0,143.5,139.5,142.85,141.45
2009-10-22,141.7,143.2,136.65,139.75,137.95
2009-10-21,142.0,144.45,139.7,140.75,141.25
2009-10-20,136.2,142.8,135.5,141.2,141.15
2009-10-17,137.0,137.0,134.25,134.7,135.0
2009-10-16,135.1,137.7,132.25,136.1,136.0
2009-10-15,136.75,138.15,133.6,135.0,135.0
2009-10-14,130.25,136.7,128.85,136.6,135.4
2009-10-12,129.0,129.35,126.1,129.25,128.9
2009-10-09,132.0,132.0,127.25,128.7,128.1
2009-10-08,129.7,132.4,127.5,129.35,129.25
2009-10-07,126.0,129.95,126.0,127.1,127.05
2009-10-06,120.0,125.9,118.55,125.6,125.35
2009-10-05,125.5,125.6,116.7,119.25,118.0
2009-10-01,130.0,130.0,125.6,125.75,126.8
2009-09-30,126.9,130.1,126.3,129.5,129.05
2009-09-29,128.6,130.95,126.4,126.75,126.9
2009-09-25,127.5,128.75,125.1,127.15,126.7
2009-09-24,133.55,133.55,128.2,128.8,129.0
2009-09-23,138.9,138.9,134.05,134.45,134.45
2009-09-22,138.35,139.45,135.1,136.65,137.1
2009-09-18,136.4,139.9,125.4,137.85,138.25
2009-09-17,133.0,139.6,130.5,135.75,136.4
2009-09-16,127.0,131.9,124.0,131.2,131.1
2009-09-15,121.5,126.0,120.0,124.95,125.2
2009-09-14,123.0,124.0,120.2,121.45,120.85
2009-09-11,119.0,124.9,117.5,124.35,124.4
2009-09-10,120.9,124.25,115.85,116.55,116.9
2009-09-09,114.0,120.95,114.0,120.2,120.2
2009-09-08,109.9,115.55,109.25,115.0,114.95
2009-09-07,106.0,108.9,106.0,108.65,108.4
2009-09-04,103.0,106.0,103.0,105.5,105.2
2009-09-03,104.85,105.8,102.55,102.55,103.0
2009-09-02,102.6,105.8,101.05,103.9,103.85
2009-09-01,106.05,108.4,102.35,104.5,104.1
2009-08-31,105.0,107.85,104.6,105.8,106.0
2009-08-28,107.0,109.9,105.3,108.85,109.1
2009-08-27,106.0,107.9,105.25,105.8,106.05
2009-08-26,108.35,111.0,106.6,106.8,107.05
2009-08-25,107.0,109.85,105.8,108.1,107.95
2009-08-24,108.0,110.1,105.8,108.05,108.45
2009-08-21,102.0,104.8,101.0,104.0,104.05
2009-08-20,104.0,106.85,102.5,102.8,103.25
2009-08-19,107.0,109.2,102.1,103.1,102.7
2009-08-18,100.0,106.9,99.45,106.7,106.55
2009-08-17,105.1,106.15,99.8,100.5,100.25
2009-08-14,109.05,112.4,106.7,108.05,108.35
2009-08-13,106.1,109.0,105.3,108.7,108.7
2009-08-12,104.7,105.3,100.05,104.0,103.55
2009-08-11,95.25,106.4,95.25,105.6,105.45
2009-08-10,102.35,106.3,99.65,100.0,101.85
2009-08-07,101.0,103.35,99.05,100.75,101.35
2009-08-06,110.0,111.35,101.7,104.2,103.5
2009-08-05,114.1,114.5,108.35,110.35,110.85
2009-08-04,108.9,116.0,108.0,112.6,112.9
2009-08-03,105.0,109.4,101.25,108.75,108.3
2009-07-31,94.85,102.7,94.65,101.8,100.3
2009-07-30,93.9,95.75,90.55,93.8,93.8
2009-07-29,93.0,95.35,86.95,94.0,94.6
2009-07-28,94.0,94.5,91.8,93.8,93.75
2009-07-27,94.0,95.65,91.8,93.2,93.1
2009-07-24,91.25,94.25,90.7,94.1,93.8
2009-07-23,86.1,91.5,86.1,91.0,90.8
2009-07-22,88.4,91.85,84.25,87.0,85.6
2009-07-21,90.9,90.9,86.0,88.5,88.6
2009-07-20,86.0,89.95,83.5,89.1,89.0
2009-07-17,80.2,85.2,79.7,84.25,84.3
2009-07-16,80.9,82.9,70.0,79.2,79.2
2009-07-15,74.5,80.15,74.5,79.7,79.6
2009-07-14,72.65,74.95,71.3,74.8,73.6
2009-07-13,72.5,72.5,68.15,70.25,70.3
2009-07-10,77.0,77.4,71.7,72.0,72.8
2009-07-09,79.0,79.5,75.0,76.8,76.05
2009-07-08,77.0,79.4,73.6,78.5,77.6
2009-07-07,79.8,79.8,76.0,78.0,78.05
2009-07-06,84.1,84.8,77.25,77.9,78.0
2009-07-03,84.6,84.95,83.0,83.25,83.8
2009-07-02,87.0,87.0,83.05,84.8,84.8
2009-07-01,85.0,85.65,80.2,84.6,83.5
2009-06-30,87.5,88.85,85.0,86.3,86.45
2009-06-29,87.5,89.3,86.0,87.95,87.85
2009-06-26,86.3,88.3,85.0,86.45,86.7
2009-06-25,85.0,87.4,83.6,85.85,84.45
2009-06-24,83.9,84.8,81.65,83.6,83.85
2009-06-23,83.0,83.0,78.65,81.2,81.6
2009-06-22,88.8,90.6,83.5,83.6,84.25
2009-06-19,90.0,90.0,83.35,88.0,88.15
2009-06-18,95.0,95.95,86.25,88.45,87.35
2009-06-17,98.8,98.85,92.1,92.9,94.0
2009-06-16,94.0,99.75,92.05,99.1,99.15
2009-06-15,104.3,104.3,94.1,97.2,95.9
2009-06-12,101.0,106.5,99.2,100.15,100.8
2009-06-11,94.15,102.75,91.8,100.9,101.4
2009-06-10,92.2,96.25,90.05,94.35,94.15
2009-06-09,87.7,91.9,85.25,91.45,91.05
2009-06-08,93.5,93.9,86.15,86.5,87.35
2009-06-05,91.85,94.2,91.0,92.7,92.95
2009-06-04,92.5,93.0,88.5,90.0,89.8
2009-06-03,89.0,94.1,88.9,92.9,93.3
2009-06-02,88.9,90.5,83.2,88.05,87.85
2009-06-01,85.0,89.5,85.0,87.85,87.65
2009-05-29,81.5,85.95,81.5,84.0,84.65
2009-05-28,81.8,83.25,79.6,81.25,81.7
2009-05-27,81.8,84.4,80.1,81.6,81.4
2009-05-26,78.6,82.0,75.2,80.05,80.1
2009-05-25,78.4,78.6,76.35,77.1,77.35
2009-05-22,77.3,80.9,75.1,76.85,76.9
2009-05-21,83.5,84.9,77.1,79.0,78.8
2009-05-20,80.2,84.0,77.65,83.0,83.1
2009-05-19,82.0,86.45,73.0,78.9,77.25
2009-05-18,72.0,83.55,72.0,79.5,79.95
2009-05-15,70.65,72.9,69.6,69.8,70.45
2009-05-14,70.0,71.2,67.15,71.0,70.55
2009-05-13,71.5,73.5,70.25,70.55,71.05
2009-05-12,67.1,71.0,65.7,70.45,70.35
2009-05-11,70.0,70.0,65.3,67.3,66.8
2009-05-08,70.0,71.0,65.55,68.9,68.3
2009-05-07,64.35,71.65,63.9,70.5,70.25
2009-05-06,62.5,65.65,61.55,63.25,63.35
2009-05-05,63.0,63.75,60.0,62.1,62.4
2009-05-04,55.9,62.35,55.9,61.9,61.45
2009-04-29,54.2,54.6,53.3,53.8,53.75
2009-04-28,55.25,55.5,53.0,53.65,53.4
2009-04-27,56.9,57.9,54.75,55.9,55.8
2009-04-24,58.5,58.5,55.7,56.95,57.25
2009-04-23,55.0,57.5,53.75,57.4,56.7
2009-04-22,56.9,57.0,54.0,54.7,54.65
2009-04-21,52.5,56.15,52.0,55.85,55.65
2009-04-20,55.0,56.4,52.6,53.75,53.6
2009-04-17,58.0,60.3,53.5,55.8,55.1
2009-04-16,64.35,66.7,56.6,57.25,57.9
2009-04-15,59.4,64.1,57.75,63.7,62.4
2009-04-13,59.5,61.8,58.95,59.25,59.45
2009-04-09,59.0,60.5,57.9,58.85,58.95
2009-04-08,58.05,59.0,54.3,57.7,58.2
2009-04-06,58.8,60.7,56.25,60.0,60.15
2009-04-02,54.0,58.25,53.65,57.0,56.5
2009-04-01,52.0,53.3,50.9,52.7,52.85
2009-03-31,50.0,53.1,49.05,52.4,52.05
2009-03-30,55.0,55.0,49.6,49.95,50.15
2009-03-27,53.1,55.75,52.5,55.0,55.1
2009-03-26,50.0,52.85,50.0,52.2,52.45
2009-03-25,49.95,51.15,48.0,49.7,49.85
2009-03-24,52.9,53.7,49.05,49.25,50.05
2009-03-23,48.5,53.1,47.7,52.65,52.05
2009-03-20,45.0,48.0,44.2,47.9,47.65
2009-03-19,46.0,46.0,43.7,45.15,45.1
2009-03-18,44.5,46.45,44.1,45.15,45.1
2009-03-17,42.55,44.75,42.25,43.85,43.7
2009-03-16,42.8,43.1,41.35,42.5,42.75
2009-03-13,40.0,43.75,39.8,42.9,42.25
2009-03-12,38.5,39.95,38.05,39.2,39.6
2009-03-09,38.75,39.1,37.2,38.2,37.95
2009-03-06,37.0,39.75,36.75,39.6,39.45
2009-03-05,39.0,39.4,37.35,37.5,37.6
2009-03-04,37.8,38.95,37.5,38.75,38.6
2009-03-03,37.7,38.45,37.0,37.5,37.4
2009-03-02,38.4,38.4,37.2,37.95,38.05
2009-02-27,38.65,39.3,38.05,38.5,38.6
2009-02-26,40.0,40.65,38.2,38.5,38.55
2009-02-25,39.8,41.45,39.5,39.8,40.0
2009-02-24,37.0,39.3,37.0,39.1,39.0
2009-02-20,40.1,40.1,39.05,39.45,39.35
2009-02-19,41.8,42.1,39.9,40.3,40.1
2009-02-18,41.65,42.5,40.65,41.4,41.6
2009-02-17,43.8,44.0,41.8,42.5,42.4
2009-02-16,45.7,46.0,44.1,44.3,44.3
2009-02-13,45.9,46.45,45.5,45.55,45.75
2009-02-12,45.0,46.0,44.45,45.0,45.15
2009-02-11,46.9,46.9,44.0,45.15,44.95
2009-02-10,47.9,47.9,44.15,45.1,44.95
2009-02-09,44.95,46.5,44.25,46.0,45.95
2009-02-06,44.8,44.8,43.9,44.25,44.15
2009-02-05,45.0,45.45,43.1,43.4,43.45
2009-02-04,48.8,48.8,43.9,44.35,44.3
2009-02-03,46.6,47.3,44.05,44.45,44.9
2009-02-02,48.2,49.85,45.55,45.95,46.15
2009-01-30,45.5,50.4,44.8,49.6,48.95
2009-01-29,44.95,46.8,44.0,46.0,46.05
2009-01-28,44.45,44.65,43.75,44.15,44.35
2009-01-27,44.7,45.35,43.8,44.2,44.2
2009-01-23,43.0,44.4,41.85,44.0,43.5
2009-01-22,48.1,48.1,43.2,43.55,43.85
2009-01-21,47.5,49.9,47.05,47.15,47.4
2009-01-20,50.35,50.35,48.1,48.45,48.45
2009-01-19,52.0,52.0,50.35,50.4,50.65
2009-01-16,48.1,50.45,48.1,50.35,50.0
2009-01-15,50.1,50.1,47.6,48.15,48.25
2009-01-14,49.35,51.5,49.0,50.9,50.65
2009-01-13,50.0,51.1,47.8,49.2,48.55
2009-01-12,52.95,53.4,49.0,50.0,50.15
2009-01-09,54.0,55.9,51.8,52.9,52.6
2009-01-07,59.65,60.95,53.25,54.7,54.8
2009-01-06,58.85,60.15,56.6,58.4,58.1
2009-01-05,57.0,59.35,56.4,58.25,58.15
2009-01-02,54.9,57.25,54.9,56.0,56.05
2009-01-01,52.4,54.5,52.1,54.2,54.2
2008-12-31,51.4,53.4,50.6,51.6,51.4
2008-12-30,49.5,51.45,49.5,50.55,50.65
2008-12-29,49.5,49.9,48.15,49.3,49.45
2008-12-26,50.9,51.85,48.2,48.5,48.55
2008-12-24,51.5,51.9,49.9,50.6,50.35
2008-12-23,52.5,53.65,50.5,51.1,51.4
2008-12-22,54.5,55.4,53.1,53.8,53.7
2008-12-19,54.85,55.45,53.05,54.2,54.1
2008-12-18,55.45,55.45,50.6,54.7,54.3
2008-12-17,57.0,58.0,53.75,54.5,54.35
2008-12-16,56.0,58.0,54.8,56.0,56.05
2008-12-15,53.9,58.75,53.0,55.9,55.85
2008-12-12,50.25,53.35,49.0,53.15,52.85
2008-12-11,54.0,55.25,49.9,51.35,51.25
2008-12-10,51.1,54.2,50.8,53.9,53.75
2008-12-08,51.65,53.35,49.6,50.75,50.75
2008-12-05,53.0,53.0,49.4,49.8,49.85
2008-12-04,52.9,52.9,48.75,52.0,52.2
2008-12-03,52.95,53.0,49.6,50.9,50.95
2008-12-02,50.8,52.65,48.1,52.4,52.1
2008-12-01,53.0,55.0,51.0,51.35,51.4
2008-11-28,55.0,55.0,50.0,53.5,52.95
2008-11-26,51.9,53.1,49.15,52.4,52.6
2008-11-25,53.15,54.4,50.2,50.7,51.3
2008-11-24,51.3,53.4,50.15,51.55,51.75
2008-11-21,50.25,53.6,48.1,53.0,51.95
2008-11-20,49.1,52.2,47.0,50.2,50.05
2008-11-19,53.15,55.5,49.95,50.1,50.25
2008-11-18,65.0,65.0,51.8,52.7,52.9
2008-11-17,57.65,57.65,52.6,54.35,54.55
2008-11-14,58.0,59.15,55.65,56.65,56.65
2008-11-12,58.0,59.65,55.3,56.85,56.6
2008-11-11,65.0,65.4,59.5,59.55,60.15
2008-11-10,62.5,68.8,61.25,66.2,66.9
2008-11-07,57.9,63.9,55.1,61.4,60.3
2008-11-06,59.0,61.35,55.1,57.3,56.55
2008-11-05,65.0,67.4,60.1,60.35,61.35
2008-11-04,63.5,65.0,60.1,64.5,64.05
2008-11-03,63.0,66.5,62.15,63.3,63.45
2008-10-31,55.15,62.0,52.0,60.7,60.5
2008-10-29,45.9,56.3,44.8,53.9,53.15
2008-10-28,43.75,46.7,42.5,45.0,44.95
2008-10-27,44.1,45.8,38.0,40.75,40.4
2008-10-24,52.45,52.45,39.55,43.75,43.3
2008-10-23,58.9,58.9,51.1,52.45,52.45
2008-10-22,64.0,65.0,59.0,59.4,60.45
2008-10-21,66.1,68.5,61.65,63.95,64.25
2008-10-20,65.0,69.6,63.8,66.0,65.55
2008-10-17,70.0,71.4,62.2,62.95,63.8
2008-10-16,75.0,75.0,67.0,68.5,68.85
2008-10-15,84.45,84.45,78.35,78.35,78.95
2008-10-14,94.5,94.9,84.1,84.75,85.15
2008-10-13,85.0,90.0,82.4,89.7,89.1
2008-10-10,88.95,92.8,78.0,81.35,80.8
2008-10-08,94.0,94.4,85.5,90.75,90.8
2008-10-07,96.5,98.0,93.95,95.7,95.1
2008-10-06,95.75,98.5,95.35,98.0,96.45
2008-10-03,95.05,99.8,95.05,97.1,97.2
2008-10-01,99.9,100.0,96.05,98.2,98.95
2008-09-30,90.0,99.6,90.0,98.3,98.25
2008-09-29,99.35,99.9,95.7,96.6,96.7
2008-09-26,104.5,105.0,98.55,98.9,99.35
2008-09-25,109.5,109.8,103.55,103.8,104.3
2008-09-24,109.0,110.25,107.2,108.85,108.75
2008-09-23,109.0,110.7,106.4,108.5,108.45
2008-09-22,114.7,114.7,109.15,109.75,110.5
2008-09-19,113.25,115.0,111.0,112.9,112.95
2008-09-18,111.15,113.0,106.15,112.9,112.5
2008-09-17,115.0,115.3,111.8,112.7,112.7
2008-09-16,110.0,115.4,109.5,112.8,113.65
2008-09-15,120.0,121.35,112.65,114.9,115.3
2008-09-12,123.0,124.7,120.65,120.8,121.35
2008-09-11,124.0,124.0,121.35,122.2,122.35
2008-09-10,126.0,127.85,123.0,123.8,124.75
2008-09-09,125.0,126.5,123.1,125.7,126.1
2008-09-08,125.0,128.8,125.0,125.75,125.85
2008-09-05,126.0,126.3,123.2,123.5,123.7
2008-09-04,127.0,127.4,121.9,126.65,126.7
2008-09-02,122.4,125.4,121.8,124.0,123.85
2008-09-01,122.0,124.0,121.1,122.0,122.15
2008-08-29,124.7,124.7,122.0,122.75,122.4
2008-08-28,128.9,128.9,119.5,121.25,120.6
2008-08-27,135.65,139.95,135.5,139.6,139.2
2008-08-26,132.55,135.95,132.55,135.7,135.6
2008-08-25,136.0,137.25,133.8,134.2,134.5
2008-08-22,130.0,135.5,129.0,134.0,134.65
2008-08-21,133.6,133.95,127.85,128.75,128.45
2008-08-20,134.5,134.75,132.6,133.2,133.6
2008-08-19,128.85,133.3,126.25,133.05,132.55
2008-08-18,136.0,136.0,128.35,129.5,129.55
2008-08-14,136.55,140.7,135.1,136.45,135.95
2008-08-13,141.9,141.95,139.15,139.5,139.6
2008-08-12,145.2,145.4,141.9,142.4,142.4
2008-08-11,146.5,146.9,143.85,144.15,144.45
2008-08-08,140.3,145.45,140.3,144.75,144.85
2008-08-07,143.0,144.4,141.05,142.6,142.45
2008-08-06,144.0,145.4,141.05,141.65,141.75
2008-08-05,142.9,144.8,139.1,142.25,142.45
2008-08-04,142.85,142.9,139.9,142.05,142.15
2008-08-01,141.9,143.0,139.0,140.85,141.0
2008-07-31,140.0,143.0,140.0,141.2,141.35
2008-07-30,140.5,142.0,138.8,139.35,139.95
2008-07-29,147.4,147.4,138.05,139.15,139.2
2008-07-28,150.1,152.0,145.65,145.85,146.15
2008-07-25,150.0,156.85,148.25,149.6,149.4
2008-07-24,153.5,153.5,148.7,151.75,152.05
2008-07-23,150.5,154.4,149.1,151.7,151.95
2008-07-22,144.65,149.6,142.5,147.95,147.65
2008-07-21,143.5,143.95,139.25,143.7,142.65
2008-07-18,140.1,145.8,137.0,140.8,142.35
2008-07-17,140.05,142.5,134.15,138.5,139.4
2008-07-16,139.0,142.9,135.6,138.0,137.1
2008-07-15,148.05,148.05,137.2,138.1,138.2
2008-07-14,154.0,155.9,148.5,149.95,150.05
2008-07-11,153.1,159.9,152.0,154.4,155.2
2008-07-10,145.65,155.6,141.05,152.5,153.15
2008-07-09,147.75,149.95,141.7,144.95,145.65
2008-07-08,140.55,147.45,139.0,145.4,145.3
2008-07-07,140.0,144.4,138.25,142.4,142.2
2008-07-04,138.0,139.85,135.25,138.7,138.3
2008-07-03,137.15,142.0,133.5,135.2,135.55
2008-07-02,135.0,144.0,134.4,143.0,142.5
2008-07-01,143.1,145.6,132.6,133.4,134.75
2008-06-30,145.95,145.95,138.6,142.7,142.3
2008-06-27,141.0,144.65,138.45,139.0,139.45
2008-06-26,150.0,151.0,142.3,147.05,144.7
2008-06-25,140.0,151.4,139.0,147.95,148.5
2008-06-24,150.95,151.0,142.3,143.0,144.85
2008-06-23,161.0,161.0,146.75,148.55,148.4
2008-06-20,173.3,174.0,158.65,162.2,161.2
2008-06-19,173.0,176.4,169.1,171.75,172.2
2008-06-18,172.95,177.3,172.75,174.1,174.6
2008-06-17,172.9,174.85,169.0,171.25,172.75
2008-06-16,180.25,180.25,170.4,171.0,171.35
2008-06-13,179.0,179.0,175.0,176.0,176.05
2008-06-12,172.8,179.9,172.8,177.5,177.55
2008-06-11,176.0,180.3,175.45,176.55,177.05
2008-06-10,175.0,180.4,173.0,175.8,176.2
2008-06-09,170.0,177.9,169.4,177.75,175.6
2008-06-06,183.1,184.95,174.5,174.7,175.55
2008-06-05,178.05,183.5,173.0,181.85,181.95
2008-06-04,183.05,187.0,176.1,180.0,178.4
2008-06-03,177.0,187.4,175.25,184.7,185.0
2008-06-02,188.0,192.85,173.2,181.2,182.4
2008-05-30,193.0,197.4,190.05,190.5,192.3
2008-05-29,198.9,198.9,186.65,192.75,189.3
2008-05-28,186.0,198.5,184.0,196.5,196.45
2008-05-27,188.9,189.5,184.7,186.5,185.6
2008-05-26,190.0,194.5,185.05,186.0,186.15
2008-05-23,198.0,199.05,190.4,193.15,193.0
2008-05-22,196.0,199.2,191.25,197.4,197.65
2008-05-21,197.7,201.8,195.05,197.0,197.35
2008-05-20,204.0,204.0,195.65,198.5,199.2
2008-05-16,204.0,205.95,197.9,203.8,203.45
2008-05-15,192.3,206.4,191.1,202.7,204.0
2008-05-14,178.0,194.9,178.0,194.0,192.3
2008-05-13,177.0,184.5,175.55,179.55,179.95
2008-05-12,174.9,177.4,167.6,177.0,174.9
2008-05-09,171.25,180.5,171.25,172.8,173.4
2008-05-08,179.0,182.4,176.5,180.0,180.6
2008-05-07,182.5,184.45,176.0,179.0,179.45
2008-05-06,184.0,186.5,180.3,182.0,181.85
2008-05-05,185.95,187.1,180.7,184.2,183.35
2008-05-02,198.0,198.0,185.1,186.0,185.95
2008-04-30,199.9,200.9,191.35,193.55,193.85
2008-04-29,188.4,199.9,186.1,198.4,198.25
2008-04-28,194.9,194.9,186.1,188.0,186.75
2008-04-25,188.4,191.0,186.25,188.05,189.5
2008-04-24,185.15,191.9,184.0,186.25,188.4
2008-04-23,195.0,195.0,186.2,188.4,188.15
2008-04-22,191.0,195.45,188.15,193.5,193.1
2008-04-21,189.0,194.4,188.5,192.5,192.25
2008-04-17,177.0,187.8,177.0,187.15,186.65
2008-04-16,176.0,178.95,175.05,176.9,176.5
2008-04-15,174.0,177.25,172.25,175.2,173.65
2008-04-11,176.0,179.5,174.0,176.9,176.4
2008-04-10,172.9,177.9,172.9,173.75,173.85
2008-04-09,171.0,173.75,168.5,173.0,172.9
2008-04-08,171.0,173.5,167.55,170.1,169.7
2008-04-07,169.1,174.0,166.5,173.0,173.2
2008-04-04,154.2,173.0,154.2,168.55,168.75
2008-04-03,165.0,174.7,165.0,171.0,170.8
2008-04-02,175.0,175.0,165.1,166.8,166.35
2008-04-01,160.1,172.9,160.1,167.55,167.9
2008-03-31,174.55,177.85,163.2,165.0,165.1
2008-03-28,176.0,176.9,171.0,174.1,175.35
2008-03-27,158.4,176.8,158.4,175.9,173.15
2008-03-26,164.25,167.5,159.1,160.8,161.85
2008-03-25,156.0,166.0,156.0,164.5,163.05
2008-03-24,161.0,169.95,147.55,155.0,154.0
2008-03-19,164.9,168.5,153.0,155.5,154.65
2008-03-18,163.0,168.0,158.65,161.0,161.25
2008-03-17,179.9,179.9,162.1,163.75,164.25
2008-03-14,176.0,185.0,175.0,182.2,181.95
2008-03-13,185.1,188.85,172.75,173.75,173.9
2008-03-12,205.0,207.0,188.6,190.0,191.8
2008-03-11,195.9,205.4,191.1,201.55,203.15
2008-03-10,194.0,201.3,186.6,197.0,197.15
2008-03-07,205.1,206.0,190.1,195.55,196.5
2008-03-05,200.0,210.7,197.15,208.7,207.85
2008-03-04,190.0,202.5,187.25,198.55,200.3
2008-03-03,196.3,202.6,187.1,188.4,190.15
2008-02-29,202.3,204.0,194.0,202.0,202.6
2008-02-28,196.0,205.0,193.5,204.4,204.3
2008-02-27,199.5,204.9,194.3,195.0,195.95
2008-02-26,198.9,200.85,195.55,198.0,198.25
2008-02-25,193.15,197.8,185.05,195.9,196.6
2008-02-22,189.0,194.75,184.0,192.1,192.05
2008-02-21,179.0,190.9,179.0,190.4,188.75
2008-02-20,179.85,182.9,174.3,177.55,177.1
2008-02-19,185.05,188.3,175.6,181.0,179.3
2008-02-18,179.25,185.0,175.75,184.45,184.15
2008-02-15,163.0,180.9,160.0,177.8,178.3
2008-02-14,154.0,165.4,154.0,164.2,163.65
2008-02-13,153.0,156.4,146.9,150.6,149.55
2008-02-12,154.9,157.25,149.75,152.05,151.15
2008-02-11,159.9,161.0,150.0,152.7,152.3
2008-02-08,164.9,168.0,158.0,158.75,160.1
2008-02-07,173.0,174.9,161.0,161.9,162.25
2008-02-06,172.05,176.8,171.0,171.8,172.35
2008-02-05,178.1,183.5,172.25,183.05,182.3
2008-02-04,183.3,189.9,175.4,179.0,178.85
2008-02-01,169.9,178.5,161.0,177.0,177.6
2008-01-31,176.0,176.0,155.0,165.0,163.95
2008-01-30,177.9,179.9,173.0,176.1,176.25
2008-01-29,173.2,182.4,169.5,176.3,179.5
2008-01-28,171.0,175.85,161.0,172.65,173.7
2008-01-25,154.0,179.9,152.5,175.8,173.7
2008-01-24,161.9,169.35,147.55,149.45,150.1
2008-01-23,140.0,167.0,140.0,161.0,160.2
2008-01-22,155.0,175.0,140.0,147.5,149.2
2008-01-21,185.0,185.0,150.05,166.85,166.65
2008-01-18,192.0,193.65,183.2,184.0,185.1
2008-01-17,190.0,193.0,185.25,192.45,191.1
2008-01-16,195.0,195.0,186.25,190.1,191.15
2008-01-15,202.5,204.0,194.15,195.2,197.65
2008-01-14,204.9,206.95,200.2,201.7,201.55
2008-01-11,203.0,204.8,197.2,203.5,202.1
2008-01-10,212.0,212.85,199.75,202.0,201.3
2008-01-09,210.0,214.65,205.0,210.5,211.95
2008-01-08,217.0,218.4,206.0,208.95,208.9
2008-01-07,217.0,219.0,212.0,216.7,218.0
2008-01-04,215.0,220.9,213.55,218.8,219.9
2008-01-03,218.0,221.4,211.55,212.05,212.95
2008-01-02,217.7,219.7,210.3,219.5,217.35
2008-01-01,216.0,218.1,213.4,216.5,215.5
2007-12-31,213.6,221.45,213.05,215.95,214.85
2007-12-28,211.0,215.0,208.2,214.0,212.6
2007-12-27,210.1,216.5,209.5,212.5,210.95
2007-12-26,201.1,211.5,201.1,209.1,209.5
2007-12-24,200.0,203.5,199.0,202.65,201.4
2007-12-20,204.5,204.9,198.45,200.0,199.25
2007-12-19,202.0,203.6,191.1,199.05,198.5
2007-12-18,212.0,212.0,193.5,200.0,199.25
2007-12-17,212.65,212.9,197.0,201.25,200.8
2007-12-14,212.0,217.0,208.5,212.65,213.2
2007-12-13,208.0,215.45,206.5,212.45,209.3
2007-12-12,197.0,207.9,195.0,207.0,206.25
2007-12-11,199.8,200.5,193.5,200.3,198.75
2007-12-10,188.0,194.6,187.9,192.1,193.3
2007-12-07,193.15,196.9,185.1,188.5,187.9
2007-12-06,201.55,201.95,191.7,192.65,193.15
2007-12-05,195.1,200.8,192.6,198.7,199.55
2007-12-04,191.0,195.45,189.0,194.25,194.45
2007-12-03,189.0,194.5,186.1,192.5,191.9
2007-11-30,183.0,188.0,181.55,184.5,185.4
2007-11-29,185.55,189.45,178.0,181.1,180.2
2007-11-28,192.0,193.95,182.75,183.65,184.4
2007-11-27,194.9,195.5,190.1,190.35,191.55
2007-11-26,190.0,197.45,190.0,195.05,194.4
2007-11-23,188.0,193.9,185.2,188.05,188.2
2007-11-22,183.0,190.4,180.0,188.0,185.2
2007-11-21,193.0,195.0,182.8,184.35,184.85
2007-11-20,200.0,208.25,189.65,192.75,193.45
2007-11-19,214.0,214.0,201.0,204.35,205.5
2007-11-16,219.95,219.95,201.0,204.25,203.75
2007-11-15,240.0,240.0,213.5,215.0,215.25
2007-11-14,185.0,219.9,185.0,219.45,217.75
2007-11-13,185.0,214.5,185.0,205.5,202.95
2007-11-12,192.5,212.4,190.25,206.45,206.8
2007-11-09,208.65,210.7,198.0,199.0,202.5
2007-11-08,183.0,207.75,183.0,206.5,203.9
2007-11-07,193.6,196.0,187.65,188.55,188.6
2007-11-06,183.1,201.0,183.1,191.7,192.05
2007-11-05,184.25,191.0,182.5,184.5,183.9
2007-11-02,165.0,190.0,165.0,188.4,187.95
2007-11-01,199.0,202.45,183.25,185.8,187.75
2007-10-31,181.6,204.5,181.6,197.5,196.5
2007-10-30,195.9,197.9,191.0,193.8,192.95
2007-10-29,195.9,199.8,192.15,194.4,194.4
2007-10-26,192.0,198.9,191.65,194.25,193.55
2007-10-25,190.0,200.0,189.0,191.5,192.15
2007-10-24,186.05,193.45,185.0,188.7,189.5
2007-10-23,183.0,188.4,180.0,185.0,184.7
2007-10-22,169.9,183.4,165.1,178.25,178.1
2007-10-19,181.0,185.9,173.2,175.3,174.85
2007-10-18,160.0,208.0,160.0,181.75,184.95
2007-10-17,195.0,203.9,172.85,195.4,197.65
2007-10-16,188.9,201.5,183.05,200.6,197.6
2007-10-15,180.0,190.3,179.65,187.2,188.75
2007-10-12,174.95,182.0,172.0,179.85,179.25
2007-10-11,171.0,177.8,169.25,177.1,175.95
2007-10-10,164.0,171.9,162.5,171.85,170.25
2007-10-09,160.0,165.5,159.05,164.7,164.1
2007-10-08,169.5,170.2,161.0,161.45,161.9
2007-10-05,177.3,177.3,166.55,167.0,169.9
2007-10-04,175.0,180.0,174.0,177.0,177.25
2007-10-03,174.0,180.4,172.0,178.5,178.75
2007-10-01,173.0,176.4,170.25,171.8,172.3
2007-09-28,166.0,173.85,164.6,172.15,172.2
2007-09-27,162.4,168.9,162.4,164.0,164.3
2007-09-26,169.0,169.7,164.35,165.5,165.25
2007-09-25,162.0,168.7,161.6,167.9,167.8
2007-09-24,162.0,164.65,158.1,161.6,163.15
2007-09-21,162.0,163.35,159.6,160.1,160.65
2007-09-20,163.45,164.5,159.5,161.75,162.15
2007-09-19,155.4,160.8,155.4,159.1,159.65
2007-09-18,153.1,155.8,153.05,154.4,154.7
2007-09-17,155.0,155.55,153.75,154.05,154.25
2007-09-14,154.5,157.1,152.3,154.5,154.35
2007-09-13,156.0,156.4,153.2,154.0,153.9
2007-09-12,156.4,158.75,155.0,155.05,155.3
2007-09-11,155.7,158.55,153.6,156.4,157.05
2007-09-10,155.8,156.75,154.0,154.3,154.3
2007-09-07,155.0,160.8,155.0,156.65,156.8
2007-09-06,155.0,156.85,153.5,154.9,155.05
2007-09-05,158.0,158.35,153.8,156.0,156.85
2007-09-04,159.2,160.55,156.6,156.6,157.0
2007-09-03,159.15,161.35,156.6,160.05,160.55
2007-08-31,159.5,159.9,156.55,157.85,157.9
2007-08-30,158.0,160.0,154.25,158.6,159.2
2007-08-29,151.0,157.0,150.0,156.55,156.45
2007-08-28,148.6,154.4,148.05,153.0,153.35
2007-08-27,144.0,149.4,143.55,149.4,148.6
