Date,Open,High,Low,Close,Volume
Date,Open,High,Low,Last,Close
2016-08-26,232.25,234.7,229.1,230.8,230.45
2016-08-25,233.8,237.1,230.2,231.45,231.25
2016-08-24,231.5,234.5,231.4,233.0,233.1
2016-08-23,231.5,234.1,229.95,231.45,231.85
2016-08-22,231.6,234.65,228.65,231.75,232.4
2016-08-19,239.35,240.0,235.25,236.6,236.15
2016-08-18,235.0,239.85,234.65,239.0,238.95
2016-08-17,228.5,234.35,228.05,232.5,233.05
2016-08-16,225.0,228.8,223.9,228.2,228.2
2016-08-12,226.9,227.75,222.55,226.15,226.45
2016-08-11,222.5,228.3,217.85,227.2,225.8
2016-08-10,230.0,230.3,222.05,223.95,223.1
2016-08-09,232.0,233.0,227.15,229.0,228.15
2016-08-08,218.9,224.65,217.65,222.2,223.2
2016-08-05,215.45,219.3,215.45,217.0,217.3
2016-08-04,214.25,215.0,211.55,214.6,214.15
2016-08-03,215.4,217.75,211.6,213.25,212.8
2016-08-02,221.7,224.4,212.55,215.5,215.25
2016-08-01,214.0,223.9,213.05,221.1,220.2
2016-07-29,212.3,214.45,211.1,212.45,212.2
2016-07-28,215.4,216.5,211.0,212.3,212.1
2016-07-27,214.0,216.65,210.85,215.0,214.75
2016-07-26,216.1,217.4,212.25,213.6,213.6
2016-07-25,209.75,217.9,208.5,216.0,216.25
2016-07-22,199.1,210.8,199.0,208.6,208.95
2016-07-21,201.6,204.4,197.7,198.05,198.85
2016-07-20,198.0,202.45,195.65,201.4,201.45
2016-07-19,194.55,199.45,192.2,197.75,197.5
2016-07-18,202.8,204.2,193.4,194.05,194.5
2016-07-15,203.6,205.0,198.4,200.5,200.0
2016-07-14,194.75,204.35,194.1,202.2,202.6
2016-07-13,193.0,196.8,190.15,194.4,194.8
2016-07-12,194.5,195.0,190.2,192.3,192.05
2016-07-11,191.55,194.9,189.95,193.95,193.7
2016-07-08,183.85,188.9,180.15,188.05,188.1
2016-07-07,187.5,188.75,183.05,184.0,184.1
2016-07-05,182.9,190.65,182.2,186.3,186.85
2016-07-04,181.55,184.1,179.6,182.05,182.15
2016-07-01,174.45,180.45,174.2,179.1,179.7
2016-06-30,173.95,174.8,172.45,173.5,173.45
2016-06-29,166.45,172.4,166.25,172.1,172.1
2016-06-28,165.5,167.35,164.1,165.95,166.05
2016-06-27,162.0,166.5,161.8,165.5,165.85
2016-06-24,164.95,164.95,155.0,162.65,162.45
2016-06-23,168.2,169.0,166.1,167.1,167.05
2016-06-22,171.5,173.35,167.1,167.65,168.25
2016-06-21,166.45,171.8,166.1,170.15,170.35
2016-06-20,161.6,166.35,161.2,165.85,165.6
2016-06-17,163.5,164.7,162.8,162.95,163.4
2016-06-16,165.25,165.25,160.55,162.45,162.7
2016-06-15,163.0,165.3,162.25,164.0,164.55
2016-06-14,161.0,163.15,161.0,162.4,162.4
2016-06-13,161.6,162.3,159.6,160.65,160.65
2016-06-10,163.4,165.4,162.75,163.1,163.1
2016-06-09,162.25,166.0,161.5,163.4,163.5
2016-06-08,161.6,162.95,160.9,161.4,161.4
2016-06-07,160.85,163.3,160.85,161.4,161.5
2016-06-06,162.3,163.5,160.5,160.85,160.95
2016-06-03,165.5,167.35,162.0,162.1,162.45
2016-06-02,165.7,166.7,163.0,164.7,165.15
2016-06-01,162.1,168.0,162.1,164.75,165.0
2016-05-31,161.0,162.5,157.55,161.4,160.1
2016-05-30,159.5,163.5,159.5,160.4,160.6
2016-05-27,156.0,158.35,154.75,156.5,155.4
2016-05-26,156.4,157.5,154.5,155.4,155.05
2016-05-25,155.8,156.4,154.15,154.8,155.15
2016-05-24,154.0,155.1,152.8,154.9,154.6
2016-05-23,155.7,157.6,153.75,154.2,154.15
2016-05-20,157.9,158.3,154.75,155.0,155.25
2016-05-19,161.9,162.0,156.8,156.9,157.35
2016-05-18,160.5,162.5,159.05,161.9,161.9
2016-05-17,163.2,163.45,160.05,160.25,160.3
2016-05-16,165.6,166.0,160.8,162.25,162.35
2016-05-13,163.0,168.2,161.4,164.25,164.4
2016-05-12,165.3,167.5,162.2,164.3,164.15
2016-05-11,164.8,168.4,163.95,164.35,164.5
2016-05-10,170.0,170.65,166.75,167.35,167.2
2016-05-09,166.3,171.2,166.2,169.65,169.8
2016-05-06,167.45,167.7,165.0,165.3,165.65
2016-05-05,171.2,172.35,167.1,167.5,167.85
2016-05-04,173.2,176.35,169.7,170.2,171.0
2016-05-03,179.0,181.3,172.0,172.95,173.15
2016-05-02,176.4,180.9,176.3,178.2,178.4
2016-04-29,179.8,180.95,175.15,178.1,178.4
2016-04-28,182.7,184.6,178.9,179.8,180.05
2016-04-27,184.3,185.7,180.45,182.0,182.3
2016-04-26,172.85,183.9,171.25,183.3,183.5
2016-04-25,171.5,174.25,169.0,172.3,172.3
2016-04-22,169.1,174.3,168.0,172.25,171.6
2016-04-21,160.0,170.7,160.0,167.05,167.3
2016-04-20,160.75,160.75,158.8,159.25,159.4
2016-04-18,162.9,163.3,159.2,159.6,159.95
2016-04-13,162.0,164.45,161.75,162.7,162.65
2016-04-12,162.0,163.85,160.2,160.4,160.45
2016-04-11,161.7,162.0,160.25,161.6,161.75
2016-04-08,161.0,162.5,160.2,161.1,161.05
2016-04-07,159.95,164.55,158.2,160.35,160.8
2016-04-06,160.0,160.85,157.5,159.4,159.5
2016-04-05,164.2,164.6,158.6,159.0,160.0
2016-04-04,166.9,166.9,163.25,164.45,164.65
2016-04-01,166.5,167.1,163.5,164.95,165.35
2016-03-31,166.9,167.9,164.8,166.2,166.2
2016-03-30,164.2,167.25,163.25,166.7,166.75
2016-03-29,164.8,165.25,161.5,161.95,162.45
2016-03-28,169.0,169.4,165.0,165.1,165.3
2016-03-23,170.0,170.8,167.1,167.7,168.1
2016-03-22,170.1,171.4,167.6,169.25,169.2
2016-03-21,169.1,171.45,168.5,170.2,170.3
2016-03-18,169.7,170.45,167.2,169.0,168.85
2016-03-17,166.9,171.0,165.25,167.75,168.3
2016-03-16,166.4,169.15,162.25,164.95,165.05
2016-03-15,167.8,169.25,166.05,166.8,167.15
2016-03-14,169.0,169.55,166.25,167.4,167.4
2016-03-11,168.75,169.9,164.75,166.7,166.35
2016-03-10,170.65,172.4,166.55,167.5,167.55
2016-03-09,166.2,170.5,164.5,169.55,169.6
2016-03-08,172.5,172.75,165.5,167.0,167.0
2016-03-04,166.6,174.4,165.1,171.95,171.75
2016-03-03,165.8,167.0,162.5,166.15,165.85
2016-03-02,162.3,166.95,162.0,164.4,163.95
2016-03-01,157.0,160.5,156.0,159.95,159.55
2016-02-29,156.9,159.15,153.1,155.7,155.9
2016-02-26,159.0,159.0,154.25,156.7,156.45
2016-02-25,153.4,157.7,152.95,156.7,156.2
2016-02-24,156.0,156.8,152.45,153.15,153.25
2016-02-23,158.9,160.1,155.5,155.75,156.15
2016-02-22,160.05,161.5,157.55,159.2,158.9
2016-02-19,154.3,160.2,153.65,159.3,159.55
2016-02-18,163.5,165.3,153.25,155.4,155.85
2016-02-17,155.8,163.0,152.25,162.8,161.55
2016-02-16,172.95,176.4,168.3,169.7,169.25
2016-02-15,166.4,174.2,165.1,171.15,170.95
2016-02-12,169.7,169.8,157.3,161.95,162.05
2016-02-11,172.85,175.9,165.0,166.0,166.25
2016-02-10,184.0,184.75,169.7,172.4,172.25
2016-02-09,191.5,193.8,183.35,185.0,184.5
2016-02-08,192.95,199.2,191.8,192.8,192.55
2016-02-05,183.1,191.5,182.7,191.5,190.65
2016-02-04,180.8,186.4,179.7,183.4,182.6
2016-02-03,183.0,184.0,177.35,178.2,178.9
2016-02-02,193.0,194.4,185.0,185.7,185.75
2016-02-01,194.35,197.0,190.55,193.0,193.6
2016-01-29,188.05,194.0,187.0,192.15,192.8
2016-01-28,187.0,192.2,186.1,187.6,187.7
2016-01-27,186.95,190.0,183.15,186.9,187.0
2016-01-25,186.0,190.0,185.9,186.9,186.55
2016-01-22,177.85,184.8,175.6,184.15,183.55
2016-01-21,179.25,181.8,173.65,174.05,174.35
2016-01-20,182.7,182.8,176.9,178.05,177.9
2016-01-19,185.5,189.0,182.3,184.2,184.25
2016-01-18,195.0,195.45,183.5,185.4,185.15
2016-01-15,205.9,207.4,194.25,194.9,195.3
2016-01-14,208.0,208.6,204.0,205.25,205.8
2016-01-13,212.95,213.9,204.75,210.55,210.15
2016-01-12,213.6,216.15,209.0,211.1,211.0
2016-01-11,214.9,215.45,210.8,213.2,212.9
2016-01-08,215.0,217.8,214.05,214.6,215.1
2016-01-07,225.9,225.9,213.0,214.65,214.3
2016-01-06,228.0,231.3,226.45,227.4,228.3
2016-01-05,223.95,229.75,222.95,227.8,227.9
2016-01-04,227.8,230.4,223.0,224.1,223.55
2016-01-01,226.55,228.8,226.15,228.7,228.15
2015-12-31,226.5,229.5,224.55,226.45,226.55
2015-12-30,225.0,226.65,223.2,225.3,225.25
2015-12-29,223.95,226.65,223.1,223.5,223.45
2015-12-28,224.4,225.45,223.1,223.7,223.8
2015-12-24,225.9,225.9,221.6,223.85,223.2
2015-12-23,224.75,226.25,223.0,224.0,224.1
2015-12-22,225.35,228.8,221.4,222.9,222.1
2015-12-21,220.4,226.7,220.05,224.2,224.95
2015-12-18,221.95,223.8,219.5,220.1,220.4
2015-12-17,218.8,222.5,217.25,222.35,221.85
2015-12-16,217.0,220.8,215.0,216.4,216.65
2015-12-15,217.5,218.15,213.0,215.0,214.85
2015-12-14,210.0,218.35,209.15,217.4,216.95
2015-12-11,208.1,214.9,207.5,210.95,211.0
2015-12-10,215.8,217.15,206.65,208.5,208.35
2015-12-09,215.0,217.75,212.0,215.4,215.15
2015-12-08,224.45,224.45,214.0,214.2,214.75
2015-12-07,226.15,227.7,222.8,224.35,224.45
2015-12-04,229.7,229.7,225.45,225.55,225.95
2015-12-03,231.1,233.1,229.35,230.35,230.35
2015-12-02,231.8,233.9,230.2,230.6,231.05
2015-12-01,234.9,236.45,228.5,230.9,231.5
2015-11-30,235.0,237.6,232.5,233.6,233.7
2015-11-27,228.25,234.25,228.0,233.2,233.85
2015-11-26,228.0,228.8,225.5,227.4,227.2
2015-11-24,225.35,229.95,225.35,226.4,226.35
2015-11-23,230.5,231.8,225.15,226.35,225.8
2015-11-20,228.5,232.0,227.1,229.6,229.5
2015-11-19,230.15,232.8,226.1,228.25,228.0
2015-11-18,238.65,238.95,227.4,227.5,228.35
2015-11-17,237.1,238.0,234.0,236.8,236.25
2015-11-16,238.3,240.8,235.0,235.7,235.75
2015-11-13,237.0,241.5,234.05,238.65,239.4
2015-11-11,239.4,240.75,237.6,238.7,238.45
2015-11-10,234.0,238.9,230.0,237.6,235.6
2015-11-09,235.0,240.5,227.85,233.45,234.8
2015-11-06,260.8,260.8,231.85,238.35,238.3
2015-11-05,267.0,270.8,261.25,266.55,266.15
2015-11-04,260.65,267.05,259.5,266.2,265.7
2015-11-03,253.0,258.75,252.15,257.5,257.55
2015-11-02,249.2,253.4,247.0,249.1,248.75
2015-10-30,246.1,254.4,246.1,250.5,249.6
2015-10-29,253.0,253.4,245.5,247.65,246.2
2015-10-28,254.2,256.55,251.45,252.8,253.15
2015-10-27,252.0,256.95,251.0,256.4,255.8
2015-10-26,261.0,261.6,251.45,252.4,252.0
2015-10-23,263.75,263.75,258.3,260.0,259.8
2015-10-21,260.5,263.75,257.2,260.5,260.95
2015-10-20,258.25,266.3,257.5,259.2,259.7
2015-10-19,259.7,261.0,255.6,258.0,257.2
2015-10-16,259.05,259.85,253.7,256.65,256.8
2015-10-15,257.5,260.4,256.75,258.8,258.95
2015-10-14,263.0,263.75,254.5,255.9,255.3
2015-10-13,262.7,265.7,259.6,264.0,263.5
2015-10-12,263.8,266.9,260.45,261.45,262.7
2015-10-09,270.4,271.6,261.6,263.0,263.35
2015-10-08,272.55,275.7,266.05,267.5,268.0
2015-10-07,282.0,283.0,270.2,271.35,271.25
2015-10-06,295.0,295.0,277.85,279.9,280.6
2015-10-05,278.4,297.55,278.25,293.8,293.75
2015-10-01,276.0,278.7,271.5,273.8,274.3
2015-09-30,267.95,275.5,264.0,274.0,274.05
2015-09-29,258.0,267.95,256.15,262.85,263.95
2015-09-28,268.0,270.45,259.0,261.2,260.05
2015-09-24,265.9,273.0,264.55,267.55,267.65
2015-09-23,263.2,268.5,263.2,266.3,266.0
2015-09-22,275.5,277.3,266.6,267.6,268.75
2015-09-21,262.0,277.0,258.05,274.65,274.75
2015-09-18,256.35,263.65,253.5,262.55,262.55
2015-09-16,251.8,254.0,249.0,252.75,253.3
2015-09-15,252.1,255.4,247.0,248.0,248.7
2015-09-14,248.5,255.6,245.4,253.0,252.1
2015-09-11,252.6,252.6,245.0,247.0,247.05
2015-09-10,247.0,252.4,241.4,252.3,251.3
2015-09-09,245.0,253.4,244.0,249.65,250.35
2015-09-08,237.55,246.6,236.0,244.6,243.25
2015-09-07,237.9,242.0,231.8,237.5,237.75
2015-09-04,250.55,250.8,235.15,236.7,237.1
2015-09-03,246.0,253.9,243.65,253.9,252.8
2015-09-02,251.55,255.0,242.15,243.35,243.85
2015-09-01,249.0,255.8,244.25,248.05,249.55
2015-08-31,244.8,254.7,243.3,253.0,253.25
2015-08-28,258.0,258.75,245.4,247.85,249.4
2015-08-27,241.0,254.9,241.0,253.65,253.1
2015-08-26,231.0,248.75,225.9,237.0,239.65
2015-08-25,225.9,238.95,211.2,233.45,233.8
2015-08-24,246.0,246.0,219.6,221.3,221.25
2015-08-21,252.0,254.95,246.35,253.95,253.35
2015-08-20,254.55,259.55,252.2,256.25,254.15
2015-08-19,264.5,264.95,255.8,256.75,257.25
2015-08-18,263.2,267.4,260.7,264.5,264.45
2015-08-17,259.6,267.8,255.8,263.05,263.4
2015-08-14,255.0,262.0,252.15,259.1,259.5
2015-08-13,257.45,259.2,249.75,253.75,251.65
2015-08-12,270.0,270.25,250.2,254.4,254.65
2015-08-11,271.45,274.5,268.9,270.95,270.85
2015-08-10,273.15,278.1,267.85,269.45,269.35
2015-08-07,268.0,272.3,265.5,266.8,266.1
2015-08-06,275.0,276.2,267.5,268.3,268.8
2015-08-05,280.3,282.0,272.9,273.35,274.1
2015-08-04,272.95,281.3,271.65,279.9,279.25
2015-08-03,272.7,274.35,269.35,271.8,271.95
2015-07-31,276.65,278.05,267.05,271.15,271.0
2015-07-30,275.5,279.0,271.8,276.35,275.55
2015-07-29,276.0,277.1,270.1,274.0,273.35
2015-07-28,283.75,284.4,273.5,276.0,276.0
2015-07-27,281.0,286.3,280.6,283.75,283.15
2015-07-24,289.5,291.3,284.3,285.0,285.05
2015-07-23,293.0,293.75,288.25,288.85,289.5
2015-07-22,282.0,293.8,281.0,292.5,292.2
2015-07-21,290.7,295.95,281.0,282.8,282.65
2015-07-20,294.7,294.85,287.75,290.6,290.7
2015-07-17,298.05,301.2,292.2,292.35,293.05
2015-07-16,282.15,297.6,280.5,297.15,296.35
2015-07-15,282.05,286.25,279.85,280.55,280.25
2015-07-14,287.95,288.7,283.05,285.15,285.0
2015-07-13,284.15,287.95,284.15,286.0,286.55
2015-07-10,286.7,288.45,282.0,284.7,284.15
2015-07-09,281.5,287.45,280.6,286.05,285.65
2015-07-08,283.0,283.5,275.0,281.0,281.15
2015-07-07,288.0,291.8,284.2,285.0,284.95
2015-07-06,281.95,290.0,280.05,287.85,288.35
2015-07-03,281.3,286.25,280.3,285.4,285.25
2015-07-02,280.0,284.25,278.0,279.65,280.7
2015-07-01,273.6,281.75,273.1,278.95,280.05
2015-06-30,274.0,276.65,271.5,274.65,275.15
2015-06-29,278.0,279.0,268.75,273.0,273.35
2015-06-26,284.4,286.95,281.0,283.5,283.4
2015-06-25,286.0,288.85,284.2,285.2,285.2
2015-06-24,291.0,292.7,285.65,286.05,288.2
2015-06-23,286.1,290.4,284.5,288.8,288.85
2015-06-22,284.0,287.85,279.1,287.0,286.05
2015-06-19,273.9,282.0,273.5,282.0,281.35
2015-06-18,275.0,275.65,271.75,272.9,272.6
2015-06-17,274.0,277.3,272.7,274.95,274.05
2015-06-16,272.0,274.9,267.5,273.9,272.45
2015-06-15,273.9,276.25,269.0,272.45,272.4
2015-06-12,274.0,276.0,271.1,274.8,272.7
2015-06-11,286.5,287.35,273.45,273.45,274.35
2015-06-10,283.45,289.0,283.0,285.4,285.15
2015-06-09,281.75,286.0,278.75,283.5,283.15
2015-06-08,287.75,289.7,279.2,281.2,282.55
2015-06-05,282.0,286.5,279.0,286.0,285.65
2015-06-04,290.9,291.7,278.55,284.0,283.1
2015-06-03,289.0,290.5,281.55,287.25,288.15
2015-06-02,297.4,297.4,287.5,289.65,289.05
2015-06-01,297.0,298.65,292.55,297.7,297.4
2015-05-29,301.45,304.9,294.1,295.55,296.25
2015-05-28,301.6,303.3,298.1,301.7,301.7
2015-05-27,302.9,304.2,299.0,302.2,301.6
2015-05-26,305.0,307.0,302.5,305.15,306.0
2015-05-25,308.1,309.95,305.25,305.4,305.85
2015-05-22,306.8,311.4,303.85,310.0,310.1
2015-05-21,303.25,306.35,296.2,304.65,305.5
2015-05-20,301.3,305.8,299.0,301.45,302.8
2015-05-19,297.9,301.7,295.6,299.2,298.75
2015-05-18,296.8,300.7,293.5,297.5,298.95
2015-05-15,300.7,301.3,292.1,295.0,295.15
2015-05-14,294.0,299.5,290.1,297.6,298.6
2015-05-13,291.0,296.8,285.25,294.3,294.75
2015-05-12,298.5,298.9,283.9,286.7,286.85
2015-05-11,297.1,303.2,291.45,297.3,297.85
2015-05-08,292.8,298.8,292.0,297.1,296.2
2015-05-07,303.2,309.35,284.5,288.0,288.4
2015-05-06,320.0,321.25,297.7,305.8,307.15
2015-05-05,318.35,321.4,315.35,320.55,318.75
2015-05-04,313.15,320.95,312.85,320.0,319.0
2015-04-30,313.85,315.7,309.0,311.1,311.55
2015-04-29,317.15,317.95,309.25,313.2,312.9
2015-04-28,313.8,318.45,311.85,316.95,317.15
2015-04-27,321.5,322.95,311.5,312.95,314.0
2015-04-24,323.5,323.95,314.7,321.3,321.9
2015-04-23,328.05,329.0,322.0,322.1,322.85
2015-04-22,325.05,327.95,319.6,326.3,325.95
2015-04-21,325.8,328.7,323.0,323.65,323.65
2015-04-20,331.85,331.95,324.0,324.7,325.0
2015-04-17,331.0,333.55,328.0,330.0,330.65
2015-04-16,335.85,336.35,328.25,330.25,330.8
2015-04-15,340.8,342.65,333.0,333.8,335.1
2015-04-13,343.7,347.9,339.55,341.65,341.15
2015-04-10,335.5,346.3,334.95,342.9,344.1
2015-04-09,342.7,346.6,333.5,336.05,336.35
2015-04-08,318.0,334.0,317.8,331.0,330.3
2015-04-07,323.6,328.0,320.0,320.6,321.25
2015-04-06,338.6,340.3,330.2,333.5,336.1
2015-04-01,333.0,338.1,330.5,337.1,337.6
2015-03-31,328.5,335.75,327.1,332.5,333.2
2015-03-30,325.0,332.3,322.7,326.65,327.35
2015-03-27,328.9,333.9,318.0,323.5,320.4
2015-03-26,331.0,334.45,325.5,327.45,327.35
2015-03-25,338.4,338.4,330.6,332.3,332.65
2015-03-24,331.0,338.55,330.1,335.5,335.75
2015-03-23,336.0,340.0,326.25,330.0,329.5
2015-03-20,341.0,344.85,330.2,335.8,334.1
2015-03-19,349.8,352.9,338.0,338.0,340.15
2015-03-18,342.0,349.8,337.45,345.55,347.25
2015-03-17,331.0,343.7,329.95,341.3,342.05
2015-03-16,331.9,336.0,325.7,327.5,327.5
2015-03-13,352.3,352.3,327.6,331.5,329.9
2015-03-12,351.3,353.0,347.5,347.75,349.05
2015-03-11,346.0,354.9,338.8,347.8,348.0
2015-03-10,341.0,352.25,339.65,344.75,345.2
2015-03-09,346.6,351.3,339.85,341.0,342.0
2015-03-05,349.5,354.8,344.85,351.05,350.8
2015-03-04,362.9,371.75,345.0,349.0,349.5
2015-03-03,364.9,370.4,354.5,359.5,359.8
2015-03-02,333.6,366.0,331.0,364.0,362.3
2015-02-28,337.8,338.0,324.5,329.1,330.55
2015-02-27,324.7,335.6,322.6,334.45,334.4
2015-02-26,321.0,323.85,317.3,322.6,322.1
2015-02-25,321.0,322.7,317.75,318.65,318.8
2015-02-24,316.1,321.35,312.65,320.05,320.4
2015-02-23,318.15,320.2,313.55,314.3,315.35
2015-02-20,319.0,322.85,312.6,317.6,317.9
2015-02-19,317.7,319.9,307.5,316.65,316.5
2015-02-18,338.0,338.0,313.5,315.4,315.55
2015-02-16,327.5,341.05,325.6,338.5,338.35
2015-02-13,326.5,337.2,321.45,324.0,325.7
2015-02-12,328.15,328.9,321.05,324.4,325.05
2015-02-11,327.2,328.5,320.2,326.8,325.95
2015-02-10,313.0,330.0,312.3,324.95,324.65
2015-02-09,323.0,325.8,313.6,315.35,315.9
2015-02-06,323.0,331.0,320.0,328.3,327.85
2015-02-05,331.0,336.1,319.0,321.45,321.5
2015-02-04,337.5,339.5,329.25,330.85,330.95
2015-02-03,349.7,351.65,333.35,334.2,336.4
2015-02-02,333.1,348.0,330.0,347.9,345.2
2015-01-30,343.05,349.0,330.15,332.0,333.1
2015-01-29,341.8,349.9,337.4,341.0,340.25
2015-01-28,327.75,346.65,325.5,339.55,340.7
2015-01-27,320.8,328.0,314.0,328.0,326.4
2015-01-23,321.5,326.1,315.0,317.95,318.15
2015-01-22,322.55,326.5,313.5,319.35,318.45
2015-01-21,322.8,328.7,322.1,324.6,324.85
2015-01-20,331.1,332.45,321.3,322.5,321.85
2015-01-19,326.3,334.85,326.3,329.5,329.15
2015-01-16,326.0,331.55,321.6,325.8,326.25
2015-01-15,318.0,334.5,315.95,324.6,327.75
2015-01-14,313.0,317.0,310.0,311.75,312.1
2015-01-13,317.65,318.0,309.9,311.3,310.9
2015-01-12,320.0,320.25,313.15,314.5,315.15
2015-01-09,320.1,322.15,314.25,315.0,315.2
2015-01-08,321.0,326.4,310.25,319.4,320.9
2015-01-07,320.4,323.3,310.5,318.85,317.85
2015-01-06,333.05,333.05,318.25,319.9,319.85
2015-01-05,335.0,337.0,332.7,334.0,333.95
2015-01-02,335.9,344.45,334.0,334.95,334.9
2015-01-01,334.6,337.5,332.0,336.15,335.7
2014-12-31,332.0,337.75,330.6,335.0,335.15
2014-12-30,335.3,337.35,329.0,331.6,331.8
2014-12-29,336.5,341.0,332.5,332.5,333.35
2014-12-26,325.9,336.5,323.35,334.6,335.15
2014-12-24,329.0,329.5,319.2,325.8,324.25
2014-12-23,334.0,336.8,325.2,327.15,327.2
2014-12-22,330.0,335.45,326.0,334.0,333.9
2014-12-19,335.7,335.85,325.6,328.2,329.75
2014-12-18,318.8,333.4,317.3,330.0,329.2
2014-12-17,293.7,318.9,293.7,312.8,311.55
2014-12-16,308.15,312.6,293.7,296.8,296.65
2014-12-15,312.0,317.5,309.2,312.15,312.95
2014-12-12,317.9,323.75,312.6,314.1,315.1
2014-12-11,323.7,324.9,312.65,316.85,317.2
2014-12-10,311.0,326.0,309.2,324.25,324.4
2014-12-09,317.95,325.8,306.35,309.0,309.5
2014-12-08,333.0,333.3,318.0,318.4,320.0
2014-12-05,339.0,342.5,330.4,331.1,333.4
2014-12-04,345.4,347.9,333.05,336.3,337.5
2014-12-03,340.2,352.8,340.2,345.0,344.55
2014-12-02,341.0,345.8,334.65,340.7,340.15
2014-12-01,337.0,345.0,336.3,342.65,343.0
2014-11-28,331.5,342.8,331.5,336.0,337.3
2014-11-27,329.5,334.8,328.15,330.0,330.25
2014-11-26,330.95,335.8,327.9,329.25,330.45
2014-11-25,342.0,342.7,322.75,332.4,330.6
2014-11-24,343.6,351.5,340.35,341.0,341.8
2014-11-21,335.0,345.9,331.55,339.85,340.15
2014-11-20,337.0,343.5,325.25,332.75,333.65
2014-11-19,336.9,346.8,328.5,336.9,336.1
2014-11-18,337.9,344.8,328.05,336.5,336.7
2014-11-17,306.35,337.45,304.5,337.05,335.4
2014-11-14,300.85,305.8,296.7,303.75,304.5
2014-11-13,304.0,308.05,295.5,298.55,299.6
2014-11-12,299.3,307.4,298.1,302.15,302.8
2014-11-11,303.5,306.1,294.5,298.0,297.65
2014-11-10,302.2,311.45,285.6,301.65,301.1
2014-11-07,302.0,307.75,299.5,302.6,302.2
2014-11-05,300.2,306.25,299.15,305.8,303.05
2014-11-03,302.85,303.9,297.0,301.55,301.15
2014-10-31,295.15,303.95,292.0,301.65,302.0
2014-10-30,294.8,298.8,292.1,295.8,294.05
2014-10-29,292.1,297.3,287.5,294.4,294.6
2014-10-28,286.0,290.3,281.65,289.5,289.45
2014-10-27,286.0,291.9,284.5,285.7,286.0
2014-10-23,285.05,287.0,283.25,284.3,284.25
2014-10-22,289.0,289.0,277.7,284.95,283.85
2014-10-21,277.4,296.0,272.6,285.4,285.2
2014-10-20,264.0,277.15,262.1,277.0,274.3
2014-10-17,256.0,262.25,248.4,259.6,259.05
2014-10-16,256.85,263.0,252.05,253.8,253.9
2014-10-14,251.05,262.5,250.0,260.0,259.3
2014-10-13,249.0,251.95,243.5,251.15,250.95
2014-10-10,247.25,256.8,242.5,251.5,251.5
2014-10-09,240.0,251.7,240.0,249.7,250.0
2014-10-08,237.25,240.9,235.6,238.7,238.7
2014-10-07,250.8,253.1,238.2,240.4,239.45
2014-10-01,249.0,253.7,248.35,250.75,251.8
2014-09-30,246.7,256.35,244.4,248.45,249.95
2014-09-29,254.95,255.2,246.55,248.75,248.65
2014-09-26,238.1,256.5,238.0,256.25,255.15
2014-09-25,248.0,251.4,234.55,242.6,240.5
2014-09-24,248.9,252.0,233.1,250.0,248.85
2014-09-23,263.0,265.75,246.5,248.15,248.45
2014-09-22,267.7,267.7,261.25,262.1,262.2
2014-09-19,270.75,273.65,265.75,266.75,270.15
2014-09-18,261.95,270.7,259.0,269.35,269.4
2014-09-17,271.1,273.35,259.55,262.0,262.05
2014-09-16,285.7,289.8,267.9,269.0,269.55
2014-09-15,281.3,289.25,277.4,285.35,285.7
2014-09-12,283.85,286.85,280.25,281.6,282.75
2014-09-11,268.55,283.95,268.35,282.6,283.15
2014-09-10,271.8,272.0,267.05,267.85,268.0
2014-09-09,271.95,274.15,269.8,271.45,271.9
2014-09-08,274.25,276.4,270.3,271.6,271.4
2014-09-05,268.25,275.9,266.5,274.55,274.0
2014-09-04,267.25,275.3,265.2,267.8,269.05
2014-09-03,272.2,273.55,267.0,268.5,268.4
2014-09-02,278.4,278.9,270.45,271.65,272.2
2014-09-01,269.4,280.7,269.0,280.5,278.9
2014-08-28,264.05,270.45,260.6,268.85,268.35
2014-08-27,268.7,270.5,263.4,264.85,265.7
2014-08-26,265.0,268.7,257.1,267.95,266.8
2014-08-25,281.6,283.2,267.1,268.7,268.6
2014-08-22,286.1,286.3,279.25,279.5,280.75
2014-08-21,282.8,287.4,281.1,285.0,284.7
2014-08-20,282.05,287.0,279.25,282.2,281.9
2014-08-19,288.7,291.8,282.5,282.5,283.85
2014-08-18,285.0,290.0,285.0,287.05,287.25
2014-08-14,281.5,287.7,276.65,285.9,285.6
2014-08-13,300.75,300.75,276.45,280.85,280.8
2014-08-12,293.65,301.0,293.6,298.8,298.7
2014-08-11,291.9,294.85,290.55,293.35,293.1
2014-08-08,296.95,297.2,287.35,288.8,288.7
2014-08-07,305.4,308.4,299.25,299.8,300.2
2014-08-06,303.8,310.95,302.5,304.7,304.45
2014-08-05,306.0,306.75,300.5,304.6,304.35
2014-08-04,306.0,309.95,303.4,306.2,304.8
2014-08-01,302.9,312.0,302.0,305.7,305.0
2014-07-31,310.45,311.7,302.3,306.55,306.0
2014-07-30,299.25,312.75,299.0,310.0,310.5
2014-07-28,305.1,312.0,296.9,300.2,300.25
2014-07-25,318.3,322.4,301.0,305.75,306.35
2014-07-24,322.0,327.0,317.8,319.45,319.1
2014-07-23,318.15,324.3,315.0,321.7,321.6
2014-07-22,316.0,321.95,312.55,316.75,316.85
2014-07-21,313.6,320.25,312.4,313.0,313.8
2014-07-18,321.5,322.95,308.15,313.35,313.55
2014-07-17,325.0,332.3,323.05,323.75,325.1
2014-07-16,344.0,348.0,321.1,326.8,325.95
2014-07-15,333.4,345.4,331.6,344.85,343.8
2014-07-14,332.6,343.4,321.05,331.5,330.55
2014-07-11,369.0,372.25,325.9,331.1,329.05
2014-07-10,350.0,380.3,332.1,365.3,367.45
2014-07-09,355.6,360.5,337.65,347.0,347.8
2014-07-08,382.0,382.65,348.5,350.0,355.6
2014-07-07,375.85,383.4,375.0,381.75,380.8
2014-07-04,372.95,377.5,364.3,375.7,374.75
2014-07-03,372.25,379.75,367.2,369.9,369.35
2014-07-02,359.6,372.0,359.6,370.0,369.95
2014-07-01,361.2,364.9,352.95,356.9,356.4
2014-06-30,356.3,365.8,356.1,360.95,359.3
2014-06-27,357.9,361.8,350.0,356.0,354.5
2014-06-26,369.35,371.6,355.5,356.0,356.95
2014-06-25,355.05,369.9,355.05,368.95,368.3
2014-06-24,348.0,355.3,345.0,353.85,352.5
2014-06-23,345.0,352.0,342.1,344.45,343.75
2014-06-20,341.9,347.9,337.7,345.5,343.95
2014-06-19,353.1,353.95,336.45,337.05,338.85
2014-06-18,348.95,360.9,340.15,348.55,350.1
2014-06-17,344.3,350.4,333.6,347.6,347.2
2014-06-16,338.0,347.7,333.65,345.0,342.7
2014-06-13,355.7,360.0,333.8,336.9,338.2
2014-06-12,356.0,366.6,350.3,354.3,354.3
2014-06-11,370.0,373.0,352.05,353.55,355.55
2014-06-10,378.0,378.65,360.05,369.95,369.7
2014-06-09,357.15,380.5,357.0,376.0,376.95
2014-06-06,339.5,355.9,339.5,354.6,353.95
2014-06-05,329.3,338.9,324.6,338.4,337.1
2014-06-04,324.55,333.7,324.1,328.0,327.75
2014-06-03,333.2,334.3,322.45,328.0,327.75
2014-06-02,322.2,334.5,321.5,332.0,331.35
2014-05-30,337.5,339.3,318.15,318.2,319.7
2014-05-29,345.0,346.0,331.25,335.85,336.55
2014-05-28,331.0,349.7,326.1,344.0,343.35
2014-05-27,344.55,346.9,324.1,331.0,331.65
2014-05-26,353.65,380.6,332.3,345.85,344.55
2014-05-23,336.8,352.7,332.55,351.55,350.45
2014-05-22,330.2,342.45,324.1,334.45,333.8
2014-05-21,322.0,334.4,312.35,327.4,327.25
2014-05-20,335.65,339.8,311.5,320.65,320.35
2014-05-19,295.95,348.2,295.95,331.9,330.45
2014-05-16,280.0,353.95,278.7,290.55,290.2
2014-05-15,272.0,275.9,268.1,272.0,272.3
2014-05-14,256.05,271.95,251.85,271.0,268.75
2014-05-13,258.7,260.95,248.0,256.0,256.2
2014-05-12,251.1,257.4,250.0,253.7,253.65
2014-05-09,243.0,251.3,242.05,248.8,249.75
2014-05-08,247.0,250.2,240.45,242.9,243.6
2014-05-07,252.25,252.7,244.3,245.35,245.85
2014-05-06,246.9,255.3,246.9,251.0,251.3
2014-05-05,239.0,247.45,236.7,245.7,245.3
2014-05-02,238.7,244.3,238.15,239.65,239.65
2014-04-30,237.2,244.4,235.4,237.25,237.9
2014-04-29,243.5,244.2,238.3,239.55,239.75
2014-04-28,243.0,244.85,237.2,243.0,241.9
2014-04-25,242.0,249.65,241.0,244.0,242.65
2014-04-23,246.2,252.45,240.05,243.9,244.1
2014-04-22,249.5,251.45,244.4,246.55,245.7
2014-04-21,249.3,252.5,244.0,248.55,249.15
2014-04-17,238.0,249.35,237.0,247.4,248.1
2014-04-16,241.0,244.0,235.0,238.05,238.6
2014-04-15,242.2,246.9,236.0,241.95,241.4
2014-04-11,242.0,242.0,237.05,239.2,239.7
2014-04-10,242.0,245.0,235.95,242.55,242.6
2014-04-09,234.95,242.4,234.4,242.1,241.6
2014-04-07,226.55,234.95,224.0,233.3,232.1
2014-04-04,228.2,232.0,223.0,228.65,228.15
2014-04-03,235.0,237.9,228.05,230.0,230.4
2014-04-02,225.25,238.5,225.25,237.7,237.65
2014-04-01,230.1,230.55,222.55,225.4,225.2
2014-03-31,227.9,233.3,226.3,229.0,229.7
2014-03-28,217.85,227.9,216.25,227.35,226.15
2014-03-27,216.7,221.4,213.4,215.2,215.45
2014-03-26,219.55,222.0,214.7,215.4,215.45
2014-03-25,212.35,220.0,212.0,218.5,218.85
2014-03-24,208.7,214.0,206.85,212.35,211.95
2014-03-22,208.15,208.8,206.05,206.4,206.9
2014-03-21,206.9,209.8,206.1,207.1,207.1
2014-03-20,211.8,211.8,204.15,204.8,204.9
2014-03-19,218.95,219.75,210.45,211.0,211.3
2014-03-18,210.8,220.5,210.2,218.0,217.55
2014-03-14,209.0,210.75,206.05,209.2,208.95
2014-03-13,207.3,214.85,205.9,208.25,209.45
2014-03-12,203.0,206.8,200.5,204.8,204.15
2014-03-11,205.15,208.7,201.4,203.4,202.85
2014-03-10,205.35,209.4,203.5,207.0,206.95
2014-03-07,200.5,207.8,200.1,205.35,205.85
2014-03-06,192.95,201.0,192.0,199.4,200.1
2014-03-05,193.9,193.9,188.05,190.65,191.6
2014-03-04,187.8,192.85,186.6,190.8,190.9
2014-03-03,194.0,194.7,186.0,187.05,187.4
2014-02-28,189.25,194.8,187.7,193.4,193.6
2014-02-26,185.2,189.0,181.4,188.0,188.25
2014-02-25,186.65,187.95,183.85,184.5,185.1
2014-02-24,185.45,187.15,184.05,186.5,186.65
2014-02-21,184.55,186.5,183.0,185.0,184.4
2014-02-20,186.0,187.35,183.2,184.2,184.45
2014-02-19,192.85,194.9,192.6,194.5,194.0
2014-02-18,191.9,194.0,191.5,192.9,193.15
2014-02-17,195.0,195.0,188.6,192.5,191.9
2014-02-14,188.5,192.45,187.35,192.0,191.5
2014-02-13,191.5,191.8,187.0,187.55,187.9
2014-02-12,189.9,191.35,188.25,190.0,190.25
2014-02-11,190.0,191.75,186.6,190.0,189.9
2014-02-10,190.9,192.7,188.2,190.0,189.95
2014-02-07,192.0,192.5,187.1,190.0,190.3
2014-02-06,188.0,192.0,184.0,190.55,190.2
2014-02-05,179.5,188.45,179.1,187.3,187.35
2014-02-04,176.25,181.45,176.0,179.3,179.0
2014-02-03,179.0,180.0,175.0,179.15,179.0
2014-01-31,173.1,180.85,172.6,180.0,179.75
2014-01-30,170.45,173.95,166.5,173.4,172.15
2014-01-29,172.25,175.5,171.45,172.3,172.3
2014-01-28,169.5,176.0,169.5,172.4,173.0
2014-01-27,177.65,177.65,168.1,168.5,168.75
2014-01-24,184.9,185.4,179.1,179.2,179.75
2014-01-23,186.8,189.2,185.5,185.9,186.4
2014-01-22,190.95,191.75,186.25,187.2,187.4
2014-01-21,192.0,194.3,189.85,190.25,190.7
2014-01-20,192.25,194.35,189.3,191.9,191.8
2014-01-17,199.0,199.7,192.15,193.0,192.8
2014-01-16,202.0,202.4,197.5,198.0,198.3
2014-01-15,200.0,202.8,198.5,200.35,200.7
2014-01-14,203.6,204.9,197.5,198.5,198.4
2014-01-13,199.0,204.55,199.0,204.0,203.7
2014-01-10,204.8,206.35,197.7,198.1,198.6
2014-01-09,209.95,211.35,203.0,203.8,203.5
2014-01-08,204.1,213.45,204.1,209.2,209.3
2014-01-07,207.1,210.0,202.5,202.65,203.0
2014-01-06,210.0,210.45,206.3,207.65,207.65
2014-01-03,213.0,214.45,207.55,211.9,211.85
2014-01-02,218.5,223.25,212.6,213.3,214.1
2014-01-01,222.0,222.0,218.05,219.0,219.15
2013-12-31,212.0,221.9,210.8,220.3,220.6
2013-12-30,217.5,218.55,210.5,212.3,211.85
2013-12-27,217.1,219.4,216.5,216.6,217.4
2013-12-26,214.55,219.5,214.55,216.5,216.1
2013-12-24,215.0,216.5,213.0,214.85,215.0
2013-12-23,214.3,218.5,213.6,215.0,215.35
2013-12-20,203.7,215.35,201.4,214.95,213.7
2013-12-19,211.0,212.9,203.75,204.3,204.5
2013-12-18,207.85,213.7,206.1,210.95,210.7
2013-12-17,206.1,212.45,206.1,206.7,207.75
2013-12-16,204.6,208.25,200.6,205.1,205.0
2013-12-13,210.0,210.45,202.6,203.6,203.4
2013-12-12,217.0,217.1,210.65,210.95,211.2
2013-12-11,221.0,223.3,215.25,217.95,217.55
2013-12-10,224.9,227.4,219.7,221.85,222.45
2013-12-09,229.0,229.0,223.3,223.9,224.9
2013-12-06,224.4,225.45,220.45,221.7,221.35
2013-12-05,224.8,230.4,224.1,224.3,225.25
2013-12-04,228.5,228.5,220.25,221.2,221.05
2013-12-03,227.0,231.9,224.85,227.75,228.5
2013-12-02,228.0,229.8,223.1,227.05,227.35
2013-11-29,220.0,228.0,219.95,227.75,226.85
2013-11-28,220.8,224.85,216.1,219.0,218.3
2013-11-27,218.0,223.0,218.0,222.9,221.7
2013-11-26,219.95,222.0,217.5,219.15,221.15
2013-11-25,216.9,221.3,214.65,220.9,219.75
2013-11-22,210.1,214.6,210.0,214.4,213.4
2013-11-21,212.8,212.8,206.6,209.0,209.55
2013-11-20,218.0,220.0,211.7,212.0,212.5
2013-11-19,218.25,222.0,217.15,219.25,219.45
2013-11-18,218.5,221.35,216.5,218.9,218.25
2013-11-14,211.1,218.75,211.1,216.65,216.35
2013-11-13,211.4,214.6,206.7,209.8,209.1
2013-11-12,208.0,217.65,208.0,210.95,210.95
2013-11-11,210.0,210.35,203.4,207.5,207.95
2013-11-08,203.0,210.25,202.2,210.0,208.25
2013-11-07,206.0,211.2,202.65,203.25,203.75
2013-11-06,207.0,210.4,203.25,206.3,206.3
2013-11-05,200.3,211.7,199.1,205.95,206.85
2013-11-03,204.2,205.0,202.7,203.3,203.15
2013-11-01,195.0,205.5,193.0,203.2,203.6
2013-10-31,191.7,195.85,188.2,195.0,194.25
2013-10-30,190.4,192.95,185.8,191.0,191.2
2013-10-29,184.0,190.0,181.6,189.45,189.0
2013-10-28,186.25,188.55,181.65,182.6,183.15
2013-10-25,187.2,187.2,181.3,185.2,186.15
2013-10-24,186.0,190.7,186.0,186.9,187.25
2013-10-23,190.3,193.05,184.65,186.35,186.8
2013-10-22,188.0,193.1,187.5,191.0,191.2
2013-10-21,185.5,189.75,184.45,188.15,188.65
2013-10-18,180.55,187.8,180.55,186.6,186.95
2013-10-17,190.0,190.0,180.1,180.4,181.75
2013-10-15,189.1,192.1,187.35,188.4,190.6
2013-10-14,193.0,194.5,188.0,188.3,188.65
2013-10-11,195.05,195.85,191.65,192.75,193.25
2013-10-10,196.5,198.45,193.1,193.5,193.95
2013-10-09,192.0,197.0,191.5,195.3,195.95
2013-10-08,194.0,196.5,191.55,194.0,194.05
2013-10-07,193.9,194.05,189.25,193.1,192.4
2013-10-04,192.1,197.0,191.0,193.65,193.9
2013-10-03,192.0,194.8,191.0,193.2,193.05
2013-10-01,188.0,192.1,184.3,191.4,191.05
2013-09-30,191.0,192.9,185.35,188.0,188.05
2013-09-27,195.5,196.55,188.6,194.9,194.9
2013-09-26,199.55,199.7,194.6,195.25,195.3
2013-09-25,198.2,201.1,189.0,200.95,199.55
2013-09-24,198.95,200.35,196.25,199.0,199.0
2013-09-23,196.0,202.8,195.1,199.0,199.0
2013-09-20,202.6,204.6,192.2,203.25,203.3
2013-09-19,199.0,204.9,198.75,203.0,202.9
2013-09-18,195.2,196.2,191.8,194.8,194.55
2013-09-17,193.6,198.8,191.85,195.5,196.1
2013-09-16,200.8,201.65,190.2,195.0,195.2
2013-09-13,191.8,199.9,189.05,198.3,198.1
2013-09-12,196.25,198.9,187.2,192.0,191.15
2013-09-11,189.6,197.0,189.6,195.55,196.2
2013-09-10,186.0,193.3,185.0,191.5,192.7
2013-09-06,181.5,187.6,177.0,184.0,185.0
2013-09-05,179.1,184.1,177.25,181.3,181.1
2013-09-04,165.05,176.95,163.1,174.7,175.3
2013-09-03,174.7,174.7,161.1,165.05,164.7
2013-09-02,171.0,174.9,170.8,173.15,173.0
2013-08-30,166.5,170.1,161.4,169.0,168.85
2013-08-29,171.55,173.9,164.0,164.4,166.55
2013-08-28,165.05,174.85,160.6,171.4,171.65
2013-08-27,184.3,190.9,169.25,170.0,171.35
2013-08-26,190.25,191.55,183.6,186.2,187.0
2013-08-23,180.55,190.45,179.7,187.15,188.6
2013-08-22,171.25,181.5,171.25,179.95,179.65
2013-08-21,178.2,183.2,172.15,174.0,174.15
2013-08-20,170.0,176.0,160.25,175.0,175.05
2013-08-19,169.5,173.8,167.1,172.0,172.4
2013-08-16,174.9,175.0,170.0,173.0,172.7
2013-08-14,175.85,180.35,173.65,176.8,178.0
2013-08-13,168.7,175.85,166.05,175.5,174.95
2013-08-12,164.6,170.3,161.65,168.0,169.15
2013-08-08,160.0,164.65,156.1,160.4,160.9
2013-08-07,151.1,161.4,148.05,159.3,159.1
2013-08-06,157.0,158.45,149.2,151.1,151.15
2013-08-05,151.7,160.9,146.1,159.4,159.05
2013-08-02,150.0,153.8,146.2,151.2,151.05
2013-08-01,159.0,163.0,149.5,150.0,151.35
2013-07-31,161.9,162.0,151.6,159.0,158.5
2013-07-30,165.75,165.9,161.2,162.6,162.85
2013-07-29,169.0,169.0,162.1,164.2,165.05
2013-07-26,178.95,179.85,166.75,170.5,169.3
2013-07-25,182.0,183.7,166.6,179.1,175.9
2013-07-24,194.45,194.45,182.2,183.3,183.7
2013-07-23,195.0,197.4,190.85,197.3,196.65
2013-07-22,192.15,195.85,190.15,193.1,193.4
2013-07-19,195.0,196.8,191.4,191.8,192.15
2013-07-18,195.0,197.0,188.1,194.7,194.7
2013-07-17,196.6,199.25,190.2,195.05,194.05
2013-07-16,201.0,201.2,194.75,195.9,196.5
2013-07-15,203.0,207.0,200.6,206.95,206.05
2013-07-12,200.1,204.3,198.1,203.7,203.05
2013-07-11,203.1,207.3,197.5,199.85,198.95
2013-07-10,203.7,205.5,199.1,200.15,201.1
2013-07-09,196.8,204.3,196.8,202.5,202.55
2013-07-08,196.0,198.75,191.25,196.2,196.35
2013-07-05,198.05,202.0,196.1,198.7,198.0
2013-07-04,198.2,199.0,186.0,196.45,196.25
2013-07-03,206.8,206.8,195.25,197.3,198.15
2013-07-02,205.0,212.0,205.0,208.3,209.35
2013-07-01,201.0,207.3,200.4,206.15,205.95
2013-06-28,193.2,201.6,193.2,200.25,200.75
2013-06-27,188.7,194.5,187.55,193.4,192.7
2013-06-26,193.8,193.8,183.2,183.3,183.9
2013-06-25,185.9,192.65,182.8,190.5,190.75
2013-06-24,190.5,192.5,183.3,184.0,184.65
2013-06-21,196.05,198.35,185.95,190.5,190.65
2013-06-20,207.0,207.0,197.0,198.75,198.1
2013-06-19,204.1,209.9,203.6,208.25,208.4
2013-06-18,200.5,207.1,199.3,204.1,204.95
2013-06-17,200.0,202.35,197.55,201.0,201.0
2013-06-14,199.4,202.8,197.2,200.55,200.95
2013-06-13,204.0,204.0,195.0,195.0,195.65
2013-06-12,211.25,213.5,203.85,207.3,206.7
2013-06-11,220.0,222.75,213.0,213.5,214.1
2013-06-10,221.5,224.0,219.1,222.5,222.5
2013-06-07,216.25,222.5,215.2,220.8,220.05
2013-06-06,217.6,219.3,214.2,216.15,216.95
2013-06-05,221.0,223.85,218.25,219.5,219.55
2013-06-04,221.7,226.9,220.75,223.0,222.15
2013-06-03,221.1,222.55,217.0,221.0,221.25
2013-05-31,230.0,231.5,219.75,221.4,221.1
2013-05-30,233.0,236.0,229.0,231.0,230.7
2013-05-29,232.35,235.9,227.55,235.0,235.1
2013-05-28,234.0,237.5,229.3,231.3,230.7
2013-05-27,226.25,235.0,225.25,234.7,232.85
2013-05-24,225.0,229.55,223.75,227.8,227.75
2013-05-23,235.2,235.2,220.75,225.0,225.45
2013-05-22,236.9,237.7,232.55,236.25,236.1
2013-05-21,238.75,242.5,235.0,236.1,236.4
2013-05-20,244.1,245.5,237.7,240.2,239.1
2013-05-17,238.0,244.9,238.0,244.15,242.6
2013-05-16,234.55,240.9,231.5,238.9,238.1
2013-05-15,225.35,236.95,225.35,234.6,234.75
2013-05-14,224.05,227.3,221.4,225.25,224.4
2013-05-13,232.3,232.5,222.8,224.35,224.35
2013-05-11,232.0,233.75,232.0,233.75,233.25
2013-05-10,233.0,234.85,228.65,233.6,232.9
2013-05-09,229.3,237.65,226.8,233.5,232.2
2013-05-08,233.0,235.85,228.8,229.35,230.55
2013-05-07,221.65,234.5,221.65,234.0,233.1
2013-05-06,218.2,224.45,216.25,224.0,223.6
2013-05-03,225.6,225.95,217.1,218.5,217.95
2013-05-02,223.75,226.9,222.5,225.8,225.5
2013-04-30,224.65,227.0,220.1,224.4,224.4
2013-04-29,218.0,224.0,215.25,223.9,223.5
2013-04-26,223.4,225.0,216.25,216.35,217.55
2013-04-25,219.7,225.15,219.35,224.0,224.5
2013-04-23,215.9,221.2,214.35,219.0,219.7
2013-04-22,218.0,223.7,212.65,216.8,216.25
2013-04-18,218.0,219.35,212.35,218.95,218.35
2013-04-17,226.0,228.5,217.7,217.9,218.75
2013-04-16,220.0,226.55,219.5,225.75,225.55
2013-04-15,218.0,224.0,214.7,220.25,220.15
2013-04-12,211.0,220.5,210.8,218.4,218.2
2013-04-11,217.0,218.0,211.5,212.7,213.0
2013-04-10,215.65,218.5,209.75,216.25,215.95
2013-04-09,213.65,216.6,212.5,215.5,214.95
2013-04-08,210.6,214.0,210.0,212.05,211.95
2013-04-05,206.0,212.4,205.95,211.65,211.25
2013-04-04,204.0,209.7,199.3,208.65,208.4
2013-04-03,213.45,217.8,203.45,205.45,205.8
2013-04-02,212.5,214.9,207.75,214.0,213.45
2013-04-01,212.0,213.7,208.25,211.8,212.0
2013-03-28,202.4,213.0,198.65,211.0,208.45
2013-03-26,195.45,209.9,194.8,202.7,202.4
2013-03-25,201.9,207.45,193.5,196.15,195.45
2013-03-22,197.4,203.45,195.45,201.0,200.75
2013-03-21,206.65,209.35,195.05,196.95,195.95
2013-03-20,205.0,208.35,200.65,204.4,202.65
2013-03-19,217.0,219.1,204.7,206.05,206.15
2013-03-18,218.95,219.9,213.4,216.0,215.85
2013-03-15,225.0,227.3,220.65,222.5,221.75
2013-03-14,217.85,223.95,212.15,223.1,223.1
2013-03-13,224.5,224.95,214.4,214.55,215.2
2013-03-12,234.65,234.65,223.25,225.65,226.55
2013-03-11,233.25,236.35,230.5,232.5,232.0
2013-03-08,238.8,241.85,231.7,233.8,232.8
2013-03-07,233.7,238.95,233.7,238.0,238.0
2013-03-06,227.55,237.4,226.2,236.8,236.25
2013-03-05,215.05,228.0,215.05,226.45,225.45
2013-03-04,212.8,217.4,209.1,215.05,215.6
2013-03-01,230.25,230.25,212.2,213.0,213.6
2013-02-28,243.9,244.5,226.15,228.95,228.2
2013-02-27,240.0,242.8,235.0,241.7,241.15
2013-02-26,242.7,244.15,238.0,239.3,239.15
2013-02-25,242.05,246.0,238.75,244.65,244.15
2013-02-22,240.6,243.1,236.0,240.0,240.2
2013-02-21,243.4,247.4,239.6,241.6,241.2
2013-02-20,241.95,246.0,240.85,243.75,243.45
2013-02-19,236.7,243.15,233.45,243.0,241.15
2013-02-18,237.0,239.7,234.65,236.0,235.6
2013-02-15,234.1,237.5,229.05,236.45,236.05
2013-02-14,241.5,241.5,233.15,233.55,234.05
2013-02-13,243.55,246.65,240.1,240.7,240.75
2013-02-12,241.65,244.4,239.3,242.85,242.9
2013-02-11,242.95,244.65,239.25,241.7,241.6
2013-02-08,248.8,249.6,241.95,243.05,242.8
2013-02-07,253.35,255.25,249.0,252.0,251.65
2013-02-06,245.1,256.8,245.0,253.75,253.35
2013-02-05,250.2,254.65,243.6,249.05,248.8
2013-02-04,238.4,249.85,235.4,249.0,248.2
2013-02-01,242.6,243.7,235.1,236.65,236.55
2013-01-31,236.9,242.95,235.6,242.3,241.45
2013-01-30,239.7,240.95,235.4,237.05,237.25
2013-01-29,243.0,245.7,236.3,237.95,238.45
2013-01-28,236.85,243.5,236.85,242.3,242.15
2013-01-25,225.95,242.3,225.95,242.3,240.8
2013-01-24,235.0,235.0,225.45,226.6,227.6
2013-01-23,243.05,244.85,230.55,234.4,234.15
2013-01-22,254.25,255.05,241.2,241.8,242.1
2013-01-21,251.0,255.8,250.0,254.7,253.35
2013-01-18,248.0,254.8,246.1,250.9,250.85
2013-01-17,249.0,251.4,245.35,249.3,248.6
2013-01-16,250.8,254.75,245.7,249.0,247.9
2013-01-15,251.25,257.2,248.85,251.8,250.6
2013-01-14,251.0,253.9,247.95,252.4,250.9
2013-01-11,258.0,258.0,250.4,252.2,251.95
2013-01-10,258.5,260.6,252.5,256.0,256.75
2013-01-09,258.15,262.95,255.4,256.3,256.4
2013-01-08,258.2,258.9,253.25,258.85,257.55
2013-01-07,260.1,266.2,258.25,258.4,258.95
2013-01-04,266.4,268.0,261.05,266.25,266.05
2013-01-03,256.9,266.4,256.5,265.0,265.45
2013-01-02,252.0,257.5,252.0,257.25,256.5
2013-01-01,247.15,252.4,245.7,251.9,250.6
2012-12-31,241.45,246.25,241.35,246.15,245.2
2012-12-28,240.7,244.0,239.5,242.45,242.05
2012-12-27,244.5,249.0,237.15,240.45,239.1
2012-12-26,246.0,246.9,242.4,245.45,243.9
2012-12-24,243.0,246.75,240.0,246.4,245.4
2012-12-21,244.4,248.45,240.3,243.9,242.85
2012-12-20,248.8,250.4,243.3,247.0,247.55
2012-12-19,243.0,249.1,243.0,247.1,248.1
2012-12-18,234.3,247.75,232.9,247.55,245.8
2012-12-17,228.9,234.85,227.7,234.0,233.55
2012-12-14,229.35,232.0,225.95,228.95,228.9
2012-12-13,229.7,235.5,228.35,229.8,230.1
2012-12-12,238.05,238.55,231.6,232.05,232.45
2012-12-11,240.0,241.3,233.1,236.95,237.3
2012-12-10,240.0,240.0,234.65,237.8,238.45
2012-12-07,242.55,244.45,236.1,238.55,238.0
2012-12-06,234.7,242.1,234.4,241.5,240.85
2012-12-05,236.2,236.6,232.3,233.05,233.3
2012-12-04,234.7,237.75,232.5,234.9,234.2
2012-12-03,231.0,236.6,227.6,234.2,234.25
2012-11-30,230.3,233.9,227.55,230.65,230.65
2012-11-29,220.65,230.0,220.2,229.85,229.05
2012-11-27,220.0,221.5,218.0,219.25,219.6
2012-11-26,222.6,222.6,217.6,218.4,219.1
2012-11-23,224.5,224.6,219.1,220.25,221.1
2012-11-22,216.55,224.0,216.55,222.85,223.3
2012-11-21,215.0,219.65,214.3,217.65,217.95
2012-11-20,218.5,218.6,213.0,213.95,214.65
2012-11-19,225.5,225.8,215.1,215.75,215.85
2012-11-16,226.95,230.5,223.25,224.35,224.65
2012-11-15,224.8,228.8,221.05,225.9,226.9
2012-11-13,229.0,229.0,223.7,224.2,224.8
2012-11-12,218.0,229.5,217.5,229.4,228.3
2012-11-09,221.95,224.2,217.5,218.05,218.6
2012-11-08,218.9,223.75,217.05,222.1,221.95
2012-11-07,219.0,223.4,217.3,221.2,221.45
2012-11-06,220.25,221.9,216.2,217.75,218.25
2012-11-05,223.0,226.8,217.45,219.25,219.75
2012-11-02,222.5,224.15,219.45,220.0,220.35
2012-11-01,216.0,220.0,214.7,219.3,219.1
2012-10-31,208.45,215.9,206.65,215.45,215.35
2012-10-30,214.0,216.25,205.6,208.4,208.35
2012-10-29,210.65,214.8,206.15,214.5,213.75
2012-10-26,215.15,215.95,208.9,209.3,209.7
2012-10-25,216.0,219.0,214.4,216.5,216.1
2012-10-23,217.65,219.9,215.0,215.7,216.55
2012-10-22,216.7,218.25,213.25,217.0,217.4
2012-10-19,215.35,218.35,211.1,215.8,217.1
2012-10-18,212.6,217.45,212.35,215.75,216.0
2012-10-17,219.0,221.2,210.45,212.2,212.55
2012-10-16,223.05,226.4,216.0,217.0,217.4
2012-10-15,227.55,227.55,221.0,222.0,222.05
2012-10-12,229.0,232.5,225.15,227.05,227.4
2012-10-11,224.0,229.85,220.7,228.9,228.8
2012-10-10,218.5,228.7,218.5,224.15,223.75
2012-10-09,223.0,230.4,223.0,228.7,229.2
2012-10-08,230.0,231.4,220.65,221.5,221.5
2012-10-05,222.0,230.15,216.35,229.5,227.85
2012-10-04,219.45,227.05,219.45,222.0,221.55
2012-10-03,214.35,225.45,214.0,224.5,224.3
2012-10-01,218.5,219.4,213.0,213.95,214.35
2012-09-28,219.0,223.9,217.05,218.0,218.25
2012-09-27,217.0,221.25,214.4,218.0,216.75
2012-09-26,224.3,226.65,216.05,216.4,217.1
2012-09-25,235.2,238.1,222.65,224.7,224.35
2012-09-24,222.0,234.95,220.95,230.7,230.85
2012-09-21,218.7,228.0,216.65,219.55,219.25
2012-09-20,218.0,221.25,213.25,214.2,216.45
2012-09-18,210.0,222.0,209.95,219.25,219.85
2012-09-17,201.5,211.1,198.95,209.1,208.3
2012-09-14,188.0,197.3,188.0,195.35,196.2
2012-09-13,187.7,190.7,185.0,186.25,186.5
2012-09-12,191.05,191.4,186.1,188.25,187.65
2012-09-11,187.85,191.45,187.85,189.0,189.85
2012-09-10,188.0,191.0,185.6,190.15,190.2
2012-09-08,186.5,187.8,185.65,187.2,187.1
2012-09-07,183.65,187.2,183.65,186.2,186.35
2012-09-06,183.0,184.65,179.7,181.6,181.5
2012-09-05,191.0,192.1,181.55,181.65,182.15
2012-09-04,184.7,192.5,181.95,191.9,191.7
2012-09-03,189.5,192.9,184.05,184.8,184.85
2012-08-31,185.0,190.7,182.75,189.8,188.7
2012-08-30,190.8,190.8,181.05,186.15,185.95
2012-08-29,194.0,196.55,189.3,189.65,190.35
2012-08-28,198.3,198.9,191.0,193.1,193.95
2012-08-27,202.95,204.8,197.75,198.2,198.65
2012-08-24,205.3,207.0,201.5,203.45,202.7
2012-08-23,211.05,211.1,205.4,208.55,208.0
2012-08-22,208.2,213.0,208.2,209.35,209.15
2012-08-21,210.95,212.4,207.8,210.2,210.3
2012-08-17,210.95,214.75,209.6,212.0,211.65
2012-08-16,212.95,215.4,208.45,209.1,209.25
2012-08-14,211.0,213.4,209.0,212.15,212.25
2012-08-13,209.65,212.35,207.25,211.0,210.75
2012-08-10,209.0,213.3,207.6,210.65,210.25
2012-08-09,215.8,215.8,208.8,210.5,210.35
2012-08-08,209.2,213.4,206.75,208.0,208.75
2012-08-07,207.1,210.85,206.5,208.8,208.55
2012-08-06,204.0,207.9,197.7,207.75,207.1
2012-08-03,204.0,205.0,195.1,195.25,196.05
2012-08-02,199.8,204.75,199.05,204.25,204.15
2012-08-01,188.4,201.95,188.05,199.9,199.6
2012-07-31,188.05,190.75,184.2,188.05,188.45
2012-07-30,187.85,189.75,183.7,189.5,189.25
2012-07-27,181.35,186.5,180.5,184.0,183.3
2012-07-26,184.25,185.1,178.1,179.6,179.05
2012-07-25,182.5,188.3,182.5,183.6,183.9
2012-07-24,186.25,188.0,182.65,186.95,187.2
2012-07-23,187.1,190.0,183.05,183.75,184.15
2012-07-20,190.75,193.25,187.55,191.5,191.55
2012-07-19,192.9,196.2,190.35,190.85,191.1
2012-07-18,193.2,194.4,189.2,191.8,192.3
2012-07-17,192.4,194.75,191.2,192.5,192.15
2012-07-16,194.0,194.65,190.0,190.1,190.85
2012-07-13,194.7,196.5,192.5,192.6,193.35
2012-07-12,197.0,197.0,193.2,193.5,194.05
2012-07-11,198.8,202.0,196.45,197.2,197.25
2012-07-10,194.15,199.9,194.1,199.5,198.95
2012-07-09,200.0,200.0,193.05,193.3,193.75
2012-07-06,198.0,201.7,197.6,200.5,199.85
2012-07-05,195.65,199.4,193.0,198.1,198.7
2012-07-04,193.8,195.5,189.4,194.35,193.8
2012-07-03,192.95,196.7,192.3,192.3,192.9
2012-07-02,193.25,193.7,188.65,192.4,192.15
2012-06-29,184.95,193.1,184.1,190.65,191.8
2012-06-28,185.9,187.5,181.05,181.4,181.6
2012-06-27,179.0,186.0,179.0,184.5,184.7
2012-06-26,175.55,179.0,175.05,177.2,177.55
2012-06-25,178.5,180.95,174.15,174.8,175.2
2012-06-22,175.95,178.85,173.55,177.6,177.75
2012-06-21,175.05,179.85,173.05,179.35,178.9
2012-06-20,171.3,177.0,171.3,177.0,176.4
2012-06-19,170.6,172.95,167.35,172.5,171.9
2012-06-18,181.95,182.5,169.6,171.85,171.65
2012-06-15,173.5,178.85,172.6,178.0,177.65
2012-06-14,179.9,181.65,171.6,172.2,172.6
2012-06-13,174.75,181.7,174.75,179.7,179.9
2012-06-12,170.95,176.25,170.15,174.85,175.15
2012-06-11,170.75,175.3,170.0,171.45,171.55
2012-06-08,169.95,170.25,165.75,170.25,169.6
2012-06-07,170.0,170.75,166.35,169.95,170.05
2012-06-06,159.25,168.95,159.25,167.8,168.15
2012-06-05,164.7,165.5,157.7,158.6,158.8
2012-06-04,160.45,163.5,158.25,163.5,162.75
2012-06-01,165.95,170.0,161.5,162.0,162.55
2012-05-31,167.7,167.9,162.5,164.5,164.6
2012-05-30,168.95,171.0,165.0,168.0,168.75
2012-05-29,171.0,171.95,168.15,168.3,168.75
2012-05-28,170.0,173.2,169.1,170.65,170.65
2012-05-25,171.7,172.6,168.1,169.8,169.6
2012-05-24,171.9,173.65,169.0,171.9,171.45
2012-05-23,172.3,176.2,168.15,168.6,169.6
2012-05-22,175.0,178.8,172.25,173.6,173.4
2012-05-21,167.65,176.0,167.65,173.35,173.55
2012-05-18,169.5,171.65,166.1,168.7,169.05
2012-05-17,170.0,175.45,170.0,171.95,172.1
2012-05-16,174.0,174.05,168.5,169.25,169.5
2012-05-15,176.65,180.6,174.55,177.05,177.3
2012-05-14,182.0,184.05,175.1,178.0,177.8
2012-05-11,180.35,185.4,176.8,181.55,181.7
2012-05-10,186.0,190.45,181.0,181.55,182.4
2012-05-09,186.4,187.8,183.05,185.45,185.3
2012-05-08,189.1,196.75,185.0,185.25,187.6
2012-05-07,190.0,191.4,179.45,191.1,188.75
2012-05-04,198.0,200.35,190.1,191.0,191.0
2012-05-03,205.55,205.55,198.55,199.45,199.5
2012-05-02,210.55,212.0,203.2,204.2,205.5
2012-04-30,208.3,212.8,205.7,208.55,208.5
2012-04-28,207.2,209.35,204.0,208.75,208.3
2012-04-27,212.95,216.4,204.5,205.0,206.05
2012-04-26,211.1,216.5,209.05,213.25,211.65
2012-04-25,217.1,221.3,210.5,215.3,214.45
2012-04-24,220.95,223.85,215.5,217.3,216.85
2012-04-23,221.9,226.1,217.55,221.6,221.05
2012-04-20,228.1,231.75,219.05,222.25,221.9
2012-04-19,234.0,235.0,228.2,231.25,230.3
2012-04-18,235.0,236.9,232.0,232.0,232.4
2012-04-17,221.7,234.5,220.15,232.5,232.4
2012-04-16,214.9,222.4,214.25,222.1,221.0
2012-04-13,220.0,225.45,216.55,216.7,217.7
2012-04-12,222.0,226.5,219.2,219.6,220.15
2012-04-11,217.5,225.4,215.55,221.8,221.7
2012-04-10,220.0,222.0,214.15,220.35,220.1
2012-04-09,225.1,226.9,216.5,217.4,217.55
2012-04-04,222.5,229.0,219.35,228.6,227.9
2012-04-03,217.4,226.45,216.85,224.0,224.6
2012-04-02,206.7,217.0,206.7,216.9,216.35
2012-03-30,194.25,206.6,194.25,204.0,205.4
2012-03-29,193.85,196.35,190.0,192.7,194.2
2012-03-28,202.8,203.45,194.3,195.5,195.45
2012-03-27,206.0,208.6,198.05,202.1,201.85
2012-03-26,209.0,209.0,202.3,203.3,203.65
2012-03-23,199.0,209.9,199.0,208.0,207.7
2012-03-22,212.5,213.65,197.3,198.8,199.05
2012-03-21,202.35,212.25,201.0,211.9,211.5
2012-03-20,199.65,205.8,197.1,201.65,201.2
2012-03-19,208.9,210.25,199.1,200.0,200.2
2012-03-16,216.5,222.8,206.05,206.65,209.2
2012-03-15,226.0,228.35,212.85,216.3,215.85
2012-03-14,226.95,229.0,224.4,227.8,227.5
2012-03-13,224.7,229.4,221.25,223.9,224.1
2012-03-12,203.9,223.25,203.9,220.9,222.3
2012-03-09,199.9,213.7,199.9,213.3,212.8
2012-03-07,198.8,202.65,190.25,196.0,196.2
2012-03-06,196.0,209.15,191.1,197.3,198.95
2012-03-05,205.15,208.7,184.2,196.35,196.55
2012-03-03,208.6,208.9,207.0,208.0,207.7
2012-03-02,210.0,214.8,205.6,207.5,208.05
2012-03-01,215.0,219.85,200.2,207.6,208.15
2012-02-29,215.7,220.45,210.6,215.5,215.7
2012-02-28,202.85,214.85,202.55,213.75,213.4
2012-02-27,205.0,206.6,197.55,203.0,201.9
2012-02-24,210.7,212.85,203.1,204.65,204.9
2012-02-23,217.0,220.2,207.25,208.8,209.25
2012-02-22,241.0,245.2,214.3,216.3,217.7
2012-02-21,248.9,250.5,239.6,241.0,241.65
2012-02-17,242.75,252.0,242.0,250.1,248.65
2012-02-16,235.0,242.85,234.15,240.1,241.8
2012-02-15,234.3,238.1,227.9,233.8,233.9
2012-02-14,230.4,234.8,228.05,232.05,232.45
2012-02-13,223.05,231.3,216.45,229.95,229.55
2012-02-10,232.0,234.7,220.6,222.3,222.15
2012-02-09,217.9,235.5,217.05,235.0,232.7
2012-02-08,212.3,220.9,212.3,218.65,217.7
2012-02-07,219.9,220.7,213.75,216.5,216.2
2012-02-06,204.85,218.8,204.85,218.5,217.2
2012-02-03,203.5,206.2,199.7,203.95,204.85
2012-02-02,205.5,208.4,200.1,204.9,204.3
2012-02-01,190.9,205.8,189.5,205.4,204.6
2012-01-31,184.9,191.4,183.0,190.0,190.5
2012-01-30,196.0,197.0,181.75,182.0,182.85
2012-01-27,200.0,205.8,196.75,198.1,198.15
2012-01-25,190.5,203.4,187.8,203.0,197.95
2012-01-24,181.35,190.4,181.35,188.8,189.0
2012-01-23,186.0,187.95,180.4,181.6,181.35
2012-01-20,182.5,188.3,179.9,187.0,186.1
2012-01-19,171.7,182.95,170.4,182.0,182.1
2012-01-18,169.4,175.2,167.0,169.05,168.75
2012-01-17,168.05,171.8,167.2,169.1,168.85
2012-01-16,167.0,173.35,165.1,167.0,166.85
2012-01-13,172.0,173.5,166.25,169.1,168.95
2012-01-12,165.7,170.8,163.55,169.85,169.05
2012-01-11,163.0,167.8,161.4,165.25,164.95
2012-01-10,160.0,164.9,159.6,162.5,162.65
2012-01-09,159.9,161.0,154.8,158.8,158.25
2012-01-07,160.0,161.9,159.1,160.7,160.7
2012-01-06,162.65,163.8,156.55,159.4,159.45
2012-01-05,159.0,165.0,159.0,163.0,162.75
2012-01-04,157.2,162.7,155.5,159.55,159.4
2012-01-03,153.0,158.4,152.85,156.5,156.8
2012-01-02,154.0,156.3,149.65,152.0,152.15
2011-12-30,149.0,155.6,149.0,154.4,153.75
2011-12-29,148.5,150.6,145.25,150.0,149.35
2011-12-28,148.0,149.2,143.5,149.0,148.2
2011-12-27,148.9,151.2,147.15,148.5,148.55
2011-12-26,147.6,152.5,147.0,148.5,148.55
2011-12-23,155.7,157.45,146.6,147.25,147.6
2011-12-22,159.3,159.3,148.7,154.35,153.9
2011-12-21,161.0,162.0,157.7,161.85,160.65
2011-12-20,164.6,166.85,155.55,157.85,157.1
2011-12-19,172.0,172.9,160.6,165.1,163.9
2011-12-16,179.9,185.15,171.25,174.0,173.4
2011-12-15,170.65,179.0,170.15,178.55,178.1
2011-12-14,177.95,181.25,173.0,174.1,173.9
2011-12-13,170.5,178.9,168.0,178.3,176.65
2011-12-12,186.7,187.8,168.55,169.05,171.35
2011-12-09,185.1,190.2,183.5,185.2,184.7
2011-12-08,195.4,195.75,185.8,187.3,186.8
2011-12-07,202.85,203.4,193.6,194.15,194.8
2011-12-05,198.3,203.35,193.1,200.55,201.35
2011-12-02,190.1,199.75,189.05,199.05,198.5
2011-12-01,188.0,192.0,187.45,189.9,189.4
2011-11-30,185.7,189.2,181.0,183.1,183.35
2011-11-29,191.25,196.35,184.1,185.0,185.85
2011-11-28,182.7,194.6,182.0,193.2,192.5
2011-11-25,180.35,187.6,179.1,181.6,180.7
2011-11-24,183.15,184.75,176.7,182.55,181.5
2011-11-23,185.0,185.9,179.6,183.0,183.4
2011-11-22,183.4,190.85,181.0,187.5,186.5
2011-11-21,173.0,183.1,173.0,181.2,181.35
2011-11-18,181.55,182.5,175.35,177.3,178.1
2011-11-17,185.25,189.45,179.7,180.7,181.55
2011-11-16,183.45,190.9,181.7,188.7,187.65
2011-11-15,192.95,196.35,181.75,184.5,184.8
2011-11-14,198.8,203.4,192.55,192.7,193.5
2011-11-11,200.25,205.4,195.0,196.6,197.55
2011-11-09,205.0,208.45,200.25,202.6,202.65
2011-11-08,196.2,203.8,194.7,203.0,202.55
2011-11-04,196.1,201.25,193.15,194.6,195.65
2011-11-03,187.0,199.15,185.9,194.0,194.15
2011-11-02,180.6,188.55,178.6,186.15,185.75
2011-11-01,180.0,182.5,177.3,182.1,181.55
2011-10-31,186.9,187.0,179.6,180.5,180.55
2011-10-28,177.0,186.3,177.0,183.1,184.7
2011-10-26,175.0,177.55,174.0,176.35,176.65
2011-10-25,172.1,175.35,169.55,173.25,173.3
2011-10-24,173.5,174.9,171.35,172.0,171.85
2011-10-21,175.35,176.4,170.65,171.6,171.65
2011-10-20,175.0,176.5,171.75,175.4,175.15
2011-10-19,173.55,176.35,173.0,175.5,175.8
2011-10-18,170.6,174.4,170.1,172.75,172.6
2011-10-17,179.0,183.0,173.05,174.0,174.1
2011-10-14,178.15,180.5,173.6,177.5,178.25
2011-10-13,181.05,182.6,175.8,177.3,178.15
2011-10-12,178.0,180.95,173.55,180.6,180.55
2011-10-11,169.85,181.65,168.0,175.8,177.3
2011-10-10,160.25,167.8,157.55,167.25,166.65
2011-10-07,159.0,162.6,156.65,160.7,160.45
2011-10-05,155.0,158.9,153.6,156.3,155.65
2011-10-04,162.0,165.9,154.85,155.5,155.9
2011-10-03,170.2,171.9,162.0,162.6,163.05
2011-09-30,170.05,174.7,169.85,172.15,173.9
2011-09-29,171.95,173.8,168.25,172.05,172.75
2011-09-28,175.0,175.8,171.0,172.95,172.65
2011-09-27,173.35,177.3,173.3,174.25,174.3
2011-09-26,172.0,175.85,167.5,172.95,172.05
2011-09-23,177.0,177.8,172.4,173.25,173.55
2011-09-22,184.95,185.0,176.0,177.5,177.3
2011-09-21,187.2,191.15,185.8,187.0,186.9
2011-09-20,186.95,189.85,185.3,187.0,187.75
2011-09-19,186.8,191.85,183.55,185.65,186.7
2011-09-16,178.0,189.5,177.35,187.45,187.95
2011-09-15,172.0,177.7,170.3,177.3,177.05
2011-09-14,169.1,171.8,165.9,171.6,171.1
2011-09-13,165.45,170.85,165.0,168.5,168.55
2011-09-12,169.35,169.9,163.15,163.65,164.35
2011-09-09,181.0,182.0,171.3,171.3,172.8
2011-09-08,178.0,181.85,174.4,180.2,179.65
2011-09-07,171.7,178.7,171.4,175.0,174.65
2011-09-06,168.2,171.1,163.1,170.55,169.75
2011-09-05,169.0,169.7,166.0,169.4,168.95
2011-09-02,174.6,175.0,169.25,171.0,171.0
2011-08-30,173.0,176.05,168.7,175.75,174.6
2011-08-29,169.0,174.0,167.3,172.8,171.8
2011-08-26,174.65,175.0,162.15,166.1,164.95
2011-08-25,182.5,188.0,169.1,175.15,175.05
2011-08-24,175.75,181.0,174.05,176.45,177.8
2011-08-23,176.0,179.4,172.1,176.25,176.4
2011-08-22,173.65,176.7,167.65,176.7,175.3
2011-08-19,165.5,173.4,163.25,172.4,171.9
2011-08-18,180.6,184.0,172.0,172.0,173.2
2011-08-17,187.0,189.0,180.1,181.05,183.05
2011-08-16,189.35,189.35,183.55,188.0,186.95
2011-08-12,190.1,193.2,184.5,185.0,185.85
2011-08-11,190.0,194.05,185.5,188.25,189.5
2011-08-10,199.75,199.75,188.6,191.0,191.4
2011-08-09,181.0,191.35,181.0,189.0,187.65
2011-08-08,189.0,192.6,185.55,190.7,190.15
2011-08-05,193.95,203.0,192.0,195.1,194.85
2011-08-04,204.1,208.4,203.0,205.0,205.2
2011-08-03,206.5,206.5,202.45,204.3,203.55
2011-08-02,210.75,211.2,203.75,207.05,207.65
2011-08-01,210.25,214.5,210.15,211.45,211.0
2011-07-29,217.5,217.5,207.05,209.0,209.7
2011-07-28,211.95,213.35,207.0,210.05,211.3
2011-07-27,220.7,220.7,212.0,213.0,213.6
2011-07-26,226.0,227.5,217.5,219.0,219.25
2011-07-25,220.4,226.45,217.5,224.2,224.0
2011-07-22,219.0,221.6,217.0,220.0,218.65
2011-07-21,223.4,223.4,215.05,217.0,216.5
2011-07-20,226.0,228.35,221.2,223.8,223.75
2011-07-19,230.15,230.9,223.8,225.05,224.7
2011-07-18,222.0,231.45,222.0,230.85,230.15
2011-07-15,220.5,225.85,216.75,223.5,224.3
2011-07-14,202.95,226.5,202.95,221.75,220.05
2011-07-13,203.0,206.0,201.0,205.75,205.45
2011-07-12,202.5,205.5,199.85,200.85,200.8
2011-07-11,205.9,207.7,202.15,202.65,203.8
2011-07-08,207.5,207.9,203.0,206.0,206.05
2011-07-07,203.4,207.75,203.4,207.0,207.3
2011-07-06,201.2,204.9,201.15,203.05,203.45
2011-07-05,202.0,204.45,201.05,202.5,202.6
2011-07-04,198.85,202.9,197.7,202.35,201.45
2011-07-01,196.85,201.3,194.6,197.0,197.65
2011-06-30,194.75,198.25,191.55,195.25,195.9
2011-06-29,190.5,195.4,177.35,193.0,193.75
2011-06-28,194.25,194.9,187.55,189.2,189.9
2011-06-27,188.0,194.0,186.25,193.8,193.1
2011-06-24,183.05,190.25,182.15,187.25,187.8
2011-06-23,181.05,184.35,178.3,182.85,182.8
2011-06-22,184.65,185.3,180.2,180.9,181.05
2011-06-21,187.45,189.4,181.7,181.7,182.3
2011-06-20,190.0,192.0,181.2,186.9,186.05
2011-06-17,182.1,193.3,182.1,191.0,189.9
2011-06-16,199.0,199.6,191.0,192.0,191.65
2011-06-15,204.6,206.5,200.1,200.35,200.6
2011-06-14,205.35,208.85,203.65,205.3,205.45
2011-06-13,204.0,206.9,200.75,203.0,203.5
2011-06-10,207.9,207.9,202.9,203.65,203.9
2011-06-09,206.2,207.9,204.2,205.8,205.8
2011-06-08,212.2,215.35,206.1,207.05,207.05
2011-06-07,215.45,217.0,212.55,214.8,214.35
2011-06-06,217.5,218.25,215.0,216.0,216.0
2011-06-03,216.0,218.6,214.25,216.7,216.5
2011-06-02,212.0,217.5,209.25,214.9,215.3
2011-06-01,214.0,216.25,212.7,213.05,213.5
2011-05-31,209.9,214.9,205.05,214.05,212.85
2011-05-30,203.0,209.75,200.55,208.4,208.5
2011-05-27,196.55,203.3,196.0,202.6,202.35
2011-05-26,199.0,199.5,191.15,197.4,196.05
2011-05-25,204.0,212.7,196.4,197.25,197.6
2011-05-24,206.0,208.3,200.35,201.85,202.35
2011-05-23,209.25,209.85,204.0,205.15,205.15
2011-05-20,208.35,212.2,206.65,211.1,210.4
2011-05-19,213.5,214.35,207.2,207.8,207.9
2011-05-18,219.2,220.55,211.45,212.55,212.8
2011-05-17,219.95,222.0,217.3,219.35,218.7
2011-05-16,222.9,223.75,219.1,219.9,219.7
2011-05-13,220.7,225.8,218.6,223.4,223.45
2011-05-12,222.9,224.7,217.95,218.5,218.65
2011-05-11,225.2,226.0,221.5,222.5,223.0
2011-05-10,222.55,226.65,220.6,224.5,224.6
2011-05-09,225.0,226.0,221.15,221.7,222.05
2011-05-06,222.65,224.85,218.65,223.6,224.15
2011-05-05,225.75,226.85,220.0,220.9,220.85
2011-05-04,225.0,226.9,221.45,225.25,224.75
2011-05-03,228.5,231.35,222.5,224.5,223.95
2011-05-02,240.5,240.65,230.2,230.5,231.1
2011-04-29,240.0,242.9,237.1,238.0,238.6
2011-04-28,250.0,250.0,237.5,239.2,238.8
2011-04-27,238.0,242.0,236.6,240.5,240.95
2011-04-26,235.7,237.8,232.4,237.15,236.6
2011-04-25,237.95,237.95,233.3,235.1,235.45
2011-04-21,241.2,243.7,232.0,235.2,234.7
2011-04-20,240.5,240.9,236.7,239.7,240.05
2011-04-19,238.6,241.8,235.45,237.35,237.75
2011-04-18,248.05,251.8,240.1,241.0,241.05
2011-04-15,253.95,253.95,244.05,247.0,247.35
2011-04-13,245.0,249.9,243.5,248.8,248.6
2011-04-11,255.0,255.0,244.2,245.1,245.15
2011-04-08,266.0,266.95,248.8,253.6,252.5
2011-04-07,269.1,269.6,264.05,265.2,265.1
2011-04-06,260.0,268.0,258.25,266.95,266.95
2011-04-05,255.15,260.0,251.5,257.9,258.25
2011-04-04,253.35,256.0,251.45,254.15,253.95
2011-04-01,253.9,256.1,250.25,253.05,252.6
2011-03-31,260.0,266.6,251.0,253.0,253.7
2011-03-30,246.2,261.95,246.2,260.9,259.25
2011-03-29,248.0,249.25,243.0,246.2,245.5
2011-03-28,246.2,249.0,243.5,247.8,247.8
2011-03-25,244.9,249.45,244.9,245.5,245.85
2011-03-24,236.8,244.85,234.1,244.55,244.05
2011-03-23,228.85,237.2,228.8,235.9,236.4
2011-03-22,224.15,230.0,223.6,229.8,228.95
2011-03-21,226.0,226.0,221.0,224.05,224.1
2011-03-18,225.1,226.3,220.0,222.0,223.25
2011-03-17,227.5,228.9,222.0,223.15,223.0
2011-03-16,220.8,231.0,220.0,229.0,229.15
2011-03-15,225.0,226.0,216.45,218.85,219.2
2011-03-14,228.0,231.25,224.15,230.0,228.4
2011-03-11,232.15,235.9,225.5,228.8,228.55
2011-03-10,240.0,241.2,233.75,234.2,234.5
2011-03-09,241.8,243.8,237.0,240.9,241.65
2011-03-08,244.05,247.45,235.3,240.25,240.25
2011-03-07,237.95,246.0,235.1,243.55,243.45
2011-03-04,245.0,253.05,238.1,241.05,239.7
2011-03-03,249.5,249.5,241.55,243.65,243.25
2011-03-01,236.1,251.45,235.15,250.0,249.8
2011-02-28,231.9,241.65,231.1,232.0,235.65
2011-02-25,222.0,232.8,220.45,230.75,230.4
2011-02-24,234.0,234.0,215.7,220.5,218.7
2011-02-23,231.0,237.5,229.65,233.65,233.2
2011-02-22,233.0,238.9,227.6,232.0,232.05
2011-02-21,237.8,239.35,226.8,234.7,233.7
2011-02-18,246.9,251.8,234.15,237.0,236.85
2011-02-17,239.0,247.8,238.0,244.9,245.4
2011-02-16,242.1,244.85,235.1,238.6,237.95
2011-02-15,250.0,253.1,240.5,241.4,242.55
2011-02-14,238.0,248.35,237.35,247.0,247.4
2011-02-11,235.0,238.9,225.15,235.35,236.15
2011-02-10,248.0,248.0,235.05,236.95,237.1
2011-02-09,261.0,261.0,244.0,244.3,246.45
2011-02-08,264.9,268.9,257.5,261.0,261.45
2011-02-07,263.0,272.0,260.3,264.0,262.5
2011-02-04,264.0,268.35,260.45,262.0,262.55
2011-02-03,251.8,265.95,250.2,261.9,263.6
2011-02-02,241.0,261.9,238.25,250.0,250.05
2011-02-01,244.25,250.2,235.15,238.05,237.4
2011-01-31,248.8,250.65,241.3,244.5,243.65
2011-01-28,262.05,265.65,244.1,252.0,252.85
2011-01-27,277.0,278.75,262.1,263.35,264.85
2011-01-25,287.0,288.6,272.25,274.8,274.9
2011-01-24,281.0,288.45,280.3,287.25,287.35
2011-01-21,282.2,287.8,279.6,281.4,280.9
2011-01-20,274.0,283.3,272.05,281.65,281.85
2011-01-19,263.3,277.25,261.7,276.5,275.15
2011-01-18,262.0,264.45,259.5,263.3,263.3
2011-01-17,257.0,263.35,254.45,260.75,260.9
2011-01-14,267.95,268.6,253.1,253.9,255.95
2011-01-13,273.1,274.0,265.15,266.0,266.8
2011-01-12,272.9,275.25,265.25,272.8,273.1
2011-01-11,269.85,276.7,265.4,271.25,270.55
2011-01-10,270.65,275.4,263.45,265.85,267.55
2011-01-07,265.8,274.35,258.55,269.1,269.4
2011-01-06,279.1,281.85,264.0,264.6,265.8
2011-01-05,286.0,286.0,270.7,277.15,276.05
2011-01-04,295.65,297.25,284.4,285.3,285.15
2011-01-03,300.0,303.0,290.5,292.6,291.8
2010-12-31,296.0,300.45,294.9,298.4,299.1
2010-12-30,292.5,295.5,287.0,294.7,294.6
2010-12-29,282.0,293.5,276.6,289.5,289.7
2010-12-28,283.5,286.6,278.1,279.6,279.9
2010-12-27,293.2,295.0,281.1,282.1,282.7
2010-12-24,301.0,301.0,289.0,292.5,292.2
2010-12-23,309.8,310.0,298.0,299.4,299.7
2010-12-22,315.0,317.45,308.0,308.15,308.4
2010-12-21,314.0,316.2,311.5,314.05,313.95
2010-12-20,314.95,319.4,306.45,312.1,312.75
2010-12-16,321.0,321.0,308.0,312.95,311.9
2010-12-15,330.0,330.0,314.75,316.35,316.95
2010-12-14,316.0,329.8,313.2,329.0,328.65
2010-12-13,313.0,320.0,306.05,313.25,311.2
2010-12-10,297.0,310.35,289.0,304.0,304.15
2010-12-09,314.0,319.0,292.0,297.0,296.65
2010-12-08,322.1,323.7,310.55,312.5,313.05
2010-12-07,326.7,332.9,320.7,323.4,323.05
2010-12-06,335.9,344.8,324.3,325.0,325.7
2010-12-03,346.0,347.55,330.1,333.1,332.0
2010-12-02,347.85,353.85,342.65,346.0,344.1
2010-12-01,349.4,364.9,344.5,346.0,346.7
2010-11-30,321.8,363.5,320.5,346.0,349.4
2010-11-29,320.0,322.15,310.25,320.2,318.8
2010-11-26,325.0,331.35,298.3,314.95,315.7
2010-11-25,346.9,349.9,321.35,325.0,323.95
2010-11-24,346.55,355.0,342.05,348.0,346.9
2010-11-23,361.0,361.0,336.0,346.5,345.8
2010-11-22,350.0,364.7,350.0,362.6,362.2
2010-11-19,340.0,349.4,340.0,347.9,347.55
2010-11-18,348.0,351.65,331.0,337.8,337.55
2010-11-16,357.0,360.9,344.35,346.65,347.25
2010-11-15,352.95,365.0,350.1,359.0,357.0
2010-11-12,361.0,365.0,348.0,350.0,350.85
2010-11-11,370.95,370.95,356.05,358.0,357.3
2010-11-10,373.0,374.9,367.05,370.0,369.35
2010-11-09,378.5,383.4,372.45,373.05,374.05
2010-11-08,372.0,379.0,369.2,378.5,377.6
2010-11-05,368.0,372.95,368.0,370.1,370.8
2010-11-04,374.0,374.0,364.8,367.7,366.1
2010-11-03,368.0,373.45,367.5,371.0,371.1
2010-11-02,367.0,370.6,364.5,367.5,366.45
2010-11-01,372.5,375.9,364.5,366.1,366.55
2010-10-29,367.0,372.8,361.0,371.35,370.65
2010-10-28,365.0,370.0,359.0,367.0,364.35
2010-10-27,368.0,373.8,361.2,364.2,363.95
2010-10-26,374.0,374.0,364.1,366.0,366.6
2010-10-25,385.0,386.0,371.1,373.3,373.5
2010-10-22,375.0,385.45,369.2,383.5,383.3
2010-10-21,361.85,376.4,361.85,374.5,374.75
2010-10-20,366.85,369.7,358.5,363.65,361.85
2010-10-19,376.2,377.2,363.3,365.4,366.9
2010-10-18,365.0,376.4,349.55,374.85,372.7
2010-10-15,379.7,379.7,359.35,362.0,360.4
2010-10-14,384.0,388.8,375.5,376.6,376.4
2010-10-13,384.7,384.7,376.35,380.85,381.65
2010-10-12,406.0,413.8,376.5,381.9,381.25
2010-10-11,387.0,409.0,387.0,398.7,399.35
2010-10-08,388.8,392.85,379.6,388.0,385.75
2010-10-07,381.2,390.7,379.1,384.0,385.15
2010-10-06,380.7,383.8,375.0,381.8,380.55
2010-10-05,372.35,382.0,369.7,379.0,378.4
2010-10-04,366.0,376.8,362.7,371.0,371.65
2010-10-01,344.25,375.85,344.25,364.8,364.5
2010-09-30,341.0,345.0,339.25,342.25,342.85
2010-09-29,343.9,345.8,339.0,345.0,343.85
2010-09-28,344.0,345.0,338.6,340.55,341.25
2010-09-27,349.0,354.7,341.7,343.3,343.55
2010-09-24,337.5,345.3,336.5,340.65,342.75
2010-09-23,338.0,339.7,333.1,337.5,338.35
2010-09-22,343.1,346.0,334.15,337.75,338.0
2010-09-21,358.5,360.0,340.3,342.45,342.5
2010-09-20,352.0,359.2,351.2,356.1,356.8
2010-09-17,351.0,353.45,348.55,351.5,351.1
2010-09-16,353.05,356.45,347.1,348.5,349.0
2010-09-15,354.0,360.6,351.75,354.0,353.05
2010-09-14,351.0,358.4,346.25,353.0,353.4
2010-09-13,352.3,355.7,347.25,348.15,348.75
2010-09-09,351.5,356.4,349.7,351.05,351.65
2010-09-08,342.5,352.4,341.5,351.05,350.5
2010-09-07,341.05,348.4,341.05,343.1,343.45
2010-09-06,327.0,342.9,327.0,340.7,340.25
2010-09-03,329.0,329.9,325.55,327.05,326.95
2010-09-02,331.0,332.8,327.0,327.05,328.0
2010-09-01,329.55,331.05,326.4,328.5,329.4
2010-08-31,330.0,335.9,325.55,329.25,328.3
2010-08-30,328.9,333.3,326.05,333.3,331.8
2010-08-27,328.0,330.0,325.0,325.0,327.1
2010-08-26,327.1,333.7,324.25,325.9,327.65
2010-08-25,332.5,339.5,326.0,327.0,327.5
2010-08-24,337.0,337.0,328.25,330.5,332.5
2010-08-23,328.0,339.7,328.0,339.5,338.6
2010-08-20,325.5,329.75,324.05,326.6,327.9
2010-08-19,329.9,333.1,324.0,324.85,325.75
2010-08-18,333.0,336.0,327.8,328.5,330.15
2010-08-17,333.0,334.2,323.85,331.2,331.7
2010-08-16,329.0,338.3,327.0,331.0,332.05
2010-08-13,331.0,334.75,327.15,330.0,328.9
2010-08-12,318.85,338.85,315.0,331.0,332.35
2010-08-11,319.5,320.45,316.25,318.0,318.3
2010-08-10,322.0,324.8,316.2,319.0,319.0
2010-08-09,321.5,324.0,319.75,321.85,321.4
2010-08-06,310.0,321.7,309.25,320.9,319.75
2010-08-05,313.0,315.9,310.6,311.5,311.2
2010-08-04,315.5,315.95,311.3,312.15,313.0
2010-08-03,316.8,317.95,312.55,314.7,315.5
2010-08-02,303.25,315.0,302.75,314.8,314.35
2010-07-30,304.0,305.9,301.1,303.0,303.25
2010-07-29,304.0,308.7,301.8,305.0,303.65
2010-07-28,300.0,306.45,299.05,304.25,304.1
2010-07-27,302.0,303.0,298.6,299.5,299.65
2010-07-26,305.0,306.0,300.2,303.0,303.0
2010-07-23,306.95,307.7,302.6,304.0,304.0
2010-07-22,299.75,306.45,296.0,306.0,305.65
2010-07-21,304.0,306.9,296.5,297.1,297.95
2010-07-20,305.0,308.9,300.1,300.95,302.05
2010-07-19,303.0,307.45,301.1,303.55,303.65
2010-07-16,297.0,303.45,296.4,302.9,301.4
2010-07-15,297.4,303.15,292.65,296.4,297.2
2010-07-14,294.0,300.7,293.25,296.4,297.35
2010-07-13,293.25,296.3,288.7,292.0,292.15
2010-07-12,296.1,297.7,292.0,292.95,292.7
2010-07-09,296.15,298.1,293.85,295.9,294.75
2010-07-08,298.0,301.35,293.95,295.0,295.0
2010-07-07,297.0,300.95,295.4,296.5,296.5
2010-07-06,294.4,299.9,293.2,299.0,298.8
2010-07-05,294.05,298.75,292.85,293.0,293.45
2010-07-02,304.95,304.95,292.2,292.5,293.6
2010-07-01,303.0,304.5,295.0,303.0,302.95
2010-06-30,297.0,305.75,297.0,303.8,304.55
2010-06-29,298.75,309.4,298.05,301.8,301.35
2010-06-28,298.8,302.25,296.05,297.0,297.55
2010-06-25,301.45,301.45,296.2,299.65,298.95
2010-06-24,299.8,303.0,297.2,300.9,301.45
2010-06-23,299.7,302.25,297.7,300.1,299.8
2010-06-22,292.0,305.85,289.0,298.55,301.0
2010-06-21,289.1,295.0,289.1,290.35,291.4
2010-06-18,288.15,291.4,286.1,290.1,289.1
2010-06-17,289.0,290.95,284.7,286.6,288.15
2010-06-16,293.45,295.45,288.15,290.5,289.5
2010-06-15,294.5,300.8,291.2,292.9,292.05
2010-06-14,298.0,298.95,290.0,294.0,294.5
2010-06-11,297.7,300.1,288.25,300.1,296.65
2010-06-10,292.0,296.2,290.0,294.6,295.0
2010-06-09,284.0,292.75,284.0,290.0,289.95
2010-06-08,279.0,287.0,277.4,283.1,282.95
2010-06-07,270.0,280.0,270.0,278.75,277.65
2010-06-04,278.0,281.9,276.45,277.0,277.15
2010-06-03,277.0,283.0,276.2,277.5,277.25
2010-06-02,281.1,281.95,273.1,276.7,275.6
2010-06-01,289.5,292.0,277.8,279.55,279.9
2010-05-31,286.5,295.4,282.4,290.0,290.75
2010-05-28,276.9,285.3,273.05,282.5,283.65
2010-05-27,276.0,280.0,270.25,273.45,272.0
2010-05-26,268.0,281.9,266.6,280.0,277.95
2010-05-25,275.25,276.75,264.2,264.2,267.25
2010-05-24,279.95,287.45,272.5,274.0,276.1
2010-05-21,262.45,279.5,260.15,276.05,276.3
2010-05-20,260.5,268.45,258.1,267.7,267.3
2010-05-19,269.7,270.7,258.0,260.25,259.7
2010-05-18,275.0,279.9,269.0,270.4,270.4
2010-05-17,268.7,277.5,265.5,277.0,274.8
2010-05-14,272.0,275.8,268.6,270.0,271.45
2010-05-13,276.0,282.0,273.75,274.95,274.65
2010-05-12,263.4,275.0,262.5,272.25,271.95
2010-05-11,259.9,266.65,258.15,261.75,262.2
2010-05-10,255.0,263.7,253.0,259.7,260.45
2010-05-07,251.2,256.85,250.0,251.45,252.2
2010-05-06,256.4,258.9,252.2,256.9,256.1
2010-05-05,256.0,260.0,252.05,258.0,257.05
2010-05-04,260.0,262.5,256.95,259.0,258.45
2010-05-03,251.0,260.85,251.0,260.0,259.4
2010-04-30,259.75,260.0,253.05,254.0,253.7
2010-04-29,262.0,263.9,256.05,257.0,258.35
2010-04-28,260.0,263.45,258.15,261.5,260.2
2010-04-27,263.15,264.9,261.6,262.5,262.95
2010-04-26,260.0,264.8,258.8,263.25,263.15
2010-04-23,259.7,262.0,257.5,261.0,260.35
2010-04-22,258.2,259.9,255.0,257.55,257.65
2010-04-21,259.5,264.6,255.0,256.3,258.2
2010-04-20,252.4,261.9,249.0,259.55,258.6
2010-04-19,249.0,253.1,246.0,249.9,250.45
2010-04-16,254.0,254.0,249.6,249.7,250.2
2010-04-15,262.0,262.0,251.35,252.85,253.25
2010-04-13,259.2,262.5,256.6,258.0,257.5
2010-04-12,260.6,262.6,257.65,258.6,258.4
2010-04-09,257.9,262.2,255.0,260.4,261.1
2010-04-08,261.95,264.7,255.0,256.5,256.3
2010-04-07,267.0,267.75,260.45,262.15,261.4
2010-04-06,256.2,267.85,256.2,265.35,265.05
2010-04-05,261.4,261.4,255.0,256.5,256.5
2010-04-01,251.05,260.5,251.05,257.1,257.55
2010-03-31,251.8,254.95,248.25,252.0,250.65
2010-03-30,252.8,254.9,250.0,250.05,251.4
2010-03-29,249.65,253.8,248.6,250.5,250.75
2010-03-26,252.4,252.4,243.1,248.2,249.65
2010-03-25,250.7,252.7,242.5,247.0,247.4
2010-03-23,250.9,251.85,247.0,249.55,250.7
2010-03-22,245.0,252.0,240.5,249.0,249.5
2010-03-19,251.4,257.1,246.0,246.7,249.85
2010-03-18,244.9,254.75,242.4,250.0,250.45
2010-03-17,240.0,245.0,239.0,244.5,244.3
2010-03-16,240.9,241.0,236.0,239.2,239.4
2010-03-15,242.0,243.35,238.0,239.0,239.05
2010-03-12,240.0,246.8,238.5,241.95,242.45
2010-03-11,237.95,244.45,236.65,243.5,242.75
2010-03-10,235.0,238.5,234.75,237.1,237.1
2010-03-09,241.0,242.5,235.45,236.25,236.4
2010-03-08,237.7,244.6,230.0,240.3,241.45
2010-03-05,241.9,241.9,231.15,237.0,238.0
2010-03-04,240.0,246.45,233.95,246.0,245.4
2010-03-03,243.0,245.4,236.45,238.5,240.05
2010-03-02,244.0,251.8,240.05,241.8,243.05
2010-02-26,230.0,248.4,227.5,242.9,243.2
2010-02-25,227.0,234.5,220.45,230.9,230.65
2010-02-24,212.4,238.2,211.0,222.05,224.2
2010-02-23,212.0,213.65,210.0,212.05,212.7
2010-02-22,214.8,216.0,212.1,214.1,213.9
2010-02-19,213.0,215.45,211.1,214.0,214.55
2010-02-18,218.0,218.0,206.15,214.15,214.1
2010-02-17,221.8,223.9,217.05,218.0,220.3
2010-02-16,223.9,223.9,217.65,218.75,219.25
2010-02-15,225.5,225.5,215.6,218.85,219.9
2010-02-11,229.5,229.7,221.75,223.1,223.0
2010-02-10,230.9,235.0,225.1,226.0,230.35
2010-02-09,226.0,232.8,225.05,230.0,229.6
2010-02-08,237.95,239.8,223.65,225.7,225.5
2010-02-06,235.0,238.0,233.3,235.95,235.95
2010-02-05,234.0,235.7,227.0,234.55,234.25
2010-02-04,240.5,242.45,236.0,238.5,237.65
2010-02-03,240.0,244.0,239.05,239.1,240.35
2010-02-02,251.85,251.85,236.6,238.1,237.9
2010-02-01,240.05,248.75,237.05,247.0,247.2
2010-01-29,240.0,242.95,232.2,240.05,239.65
2010-01-28,244.25,254.5,240.65,241.3,243.1
2010-01-27,259.0,262.85,237.05,240.9,239.55
2010-01-25,260.8,264.45,257.15,260.0,259.75
2010-01-22,258.0,264.9,254.0,259.0,259.55
2010-01-21,264.0,269.5,261.1,265.4,265.4
2010-01-20,265.0,269.0,261.1,264.8,263.45
2010-01-19,262.0,274.35,261.5,265.0,264.8
2010-01-18,263.0,271.4,258.7,261.15,260.35
2010-01-15,274.0,274.0,265.55,267.0,267.85
2010-01-14,257.95,274.8,256.85,273.0,271.7
2010-01-13,252.0,259.7,250.9,256.0,255.7
2010-01-12,255.7,257.8,250.65,253.4,252.6
2010-01-11,242.0,255.2,242.0,255.2,252.9
2010-01-08,241.5,245.0,239.85,240.05,240.45
2010-01-07,245.0,245.0,240.2,242.3,241.1
2010-01-06,249.3,249.75,241.85,244.0,242.7
2010-01-05,249.5,250.95,245.55,248.0,248.2
2010-01-04,244.9,248.9,243.9,247.0,246.55
2009-12-31,238.6,246.7,236.55,245.0,242.8
2009-12-30,238.5,239.6,235.0,236.0,235.85
2009-12-29,236.1,240.5,234.55,237.1,237.05
2009-12-24,242.5,242.5,234.0,235.95,235.7
2009-12-23,237.5,242.7,236.0,240.5,241.45
2009-12-22,230.0,237.9,228.4,236.25,234.65
2009-12-21,231.0,234.65,225.05,226.0,228.55
2009-12-18,235.9,237.45,230.0,230.15,230.45
2009-12-17,238.9,241.95,233.15,234.65,235.2
2009-12-16,242.55,244.7,236.0,238.0,238.4
2009-12-15,253.1,253.4,242.0,243.0,244.25
2009-12-14,252.9,255.5,250.6,252.5,252.15
2009-12-11,248.0,255.3,246.0,251.65,251.55
2009-12-10,249.4,249.8,243.75,244.15,244.45
2009-12-09,250.5,253.8,246.5,248.5,248.9
2009-12-08,255.0,255.0,247.05,248.55,249.4
2009-12-07,260.1,262.0,248.6,250.4,250.65
2009-12-04,265.0,265.9,257.25,260.1,260.1
2009-12-03,261.85,265.0,258.15,264.5,264.1
2009-12-02,254.7,260.2,249.3,257.5,257.5
2009-12-01,250.0,253.8,247.0,251.55,252.25
2009-11-30,237.0,247.35,235.15,246.0,244.95
2009-11-27,230.0,239.3,228.0,234.35,235.55
2009-11-26,236.0,238.0,233.2,234.0,234.95
2009-11-25,239.9,239.9,233.5,234.5,234.8
2009-11-24,232.3,238.7,230.0,235.0,236.8
2009-11-23,233.25,234.9,231.15,232.25,232.3
2009-11-20,228.85,234.4,227.65,231.9,232.95
2009-11-19,235.95,239.7,228.9,231.0,232.35
2009-11-18,238.0,242.55,232.2,235.85,235.95
2009-11-17,240.0,242.35,234.65,236.0,237.3
2009-11-16,227.0,243.8,226.3,239.7,240.0
2009-11-13,240.0,240.0,225.05,225.95,226.85
2009-11-12,227.0,234.2,222.2,229.4,229.0
2009-11-11,218.9,230.0,218.0,228.5,228.75
2009-11-10,215.9,219.6,210.0,218.5,216.95
2009-11-09,208.45,217.35,207.6,215.35,215.6
2009-11-06,209.0,211.85,205.5,207.65,206.5
2009-11-05,201.8,206.0,198.0,204.8,204.8
2009-11-04,202.85,203.8,199.1,200.6,200.85
2009-11-03,201.2,204.45,198.0,200.0,200.1
2009-10-30,203.05,205.5,199.1,200.0,200.05
2009-10-29,196.0,200.0,192.25,199.0,197.55
2009-10-28,195.0,197.45,188.15,196.0,196.15
2009-10-27,199.5,199.95,192.1,193.8,194.8
2009-10-26,202.0,203.9,199.5,200.0,200.0
2009-10-23,203.0,206.0,199.0,200.0,200.5
2009-10-22,201.55,205.0,199.25,200.0,200.0
2009-10-21,206.0,209.0,201.5,202.55,203.15
2009-10-20,215.0,215.35,206.0,206.7,208.3
2009-10-17,214.05,214.05,210.1,211.2,211.5
2009-10-16,213.7,214.7,209.1,211.5,211.95
2009-10-15,209.0,214.45,206.2,212.35,212.7
2009-10-14,204.9,210.0,203.2,207.0,206.8
2009-10-12,204.7,206.4,201.4,202.0,202.55
2009-10-09,211.85,211.85,201.0,202.5,202.65
2009-10-08,203.5,210.75,202.0,209.4,209.65
2009-10-07,200.6,204.4,200.0,202.95,202.65
2009-10-06,201.0,201.7,196.2,200.5,200.15
2009-10-05,200.0,203.45,198.3,199.55,199.15
2009-10-01,202.7,203.9,199.2,203.0,202.45
2009-09-30,200.2,204.0,199.25,201.5,201.4
2009-09-29,199.0,201.8,197.5,200.25,200.2
2009-09-25,193.0,198.4,191.2,196.5,196.55
2009-09-24,198.0,200.75,195.3,196.55,196.6
2009-09-23,201.0,202.8,198.0,199.0,199.1
2009-09-22,201.0,205.8,198.25,199.05,200.0
2009-09-18,202.8,206.5,199.15,200.5,200.9
2009-09-17,207.5,208.5,199.5,201.5,204.3
2009-09-16,205.0,208.75,204.0,205.5,205.25
2009-09-15,195.5,204.0,195.0,204.0,203.3
2009-09-14,194.85,197.0,190.6,194.5,195.0
2009-09-11,205.0,206.65,191.5,196.25,195.75
2009-09-10,206.95,211.5,202.6,203.1,204.05
2009-09-09,205.7,209.75,202.85,202.85,205.25
2009-09-08,204.15,212.6,204.0,205.5,205.55
2009-09-07,210.0,211.4,206.55,208.9,207.25
2009-09-04,209.8,210.45,205.5,209.0,208.65
2009-09-03,214.2,216.9,206.0,208.25,208.4
2009-09-02,211.0,216.45,208.05,213.6,214.3
2009-09-01,223.9,224.65,210.55,215.0,213.1
2009-08-31,211.9,224.5,208.65,223.0,222.1
2009-08-28,211.0,214.5,209.1,210.95,211.1
2009-08-27,210.0,214.95,203.15,210.55,210.85
2009-08-26,211.0,218.4,209.1,211.0,211.5
2009-08-25,202.4,213.0,200.0,210.5,210.9
2009-08-24,196.9,205.2,195.55,204.4,204.65
2009-08-21,194.8,197.45,191.5,193.0,195.3
2009-08-20,195.0,197.4,192.5,195.0,195.9
2009-08-19,193.4,196.0,187.3,192.0,192.2
2009-08-18,186.0,195.4,185.45,193.2,193.15
2009-08-17,190.1,194.0,185.25,187.25,186.85
2009-08-14,189.4,195.7,185.45,194.75,194.75
2009-08-13,185.1,191.2,184.8,188.4,188.6
2009-08-12,178.5,185.4,178.0,183.25,183.2
2009-08-11,180.95,186.9,178.05,179.95,181.0
2009-08-10,192.0,192.0,178.55,180.3,180.35
2009-08-07,190.1,193.65,186.9,188.0,188.0
2009-08-06,197.1,203.45,190.05,190.6,192.05
2009-08-05,196.0,201.95,195.2,196.4,197.1
2009-08-04,203.0,204.0,195.2,196.1,196.7
2009-08-03,203.8,205.4,200.0,201.15,201.4
2009-07-31,204.5,207.8,201.15,202.0,202.7
2009-07-30,187.5,204.7,187.0,201.35,201.8
2009-07-29,180.05,189.0,175.55,188.65,187.4
2009-07-28,177.0,182.15,176.1,178.0,178.95
2009-07-27,175.6,177.95,171.25,175.75,176.05
2009-07-24,174.9,178.4,171.55,174.4,175.55
2009-07-23,174.9,175.7,172.1,173.5,173.4
2009-07-22,176.0,183.3,168.6,170.75,170.45
2009-07-21,175.3,180.95,173.35,173.7,174.4
2009-07-20,184.9,185.3,173.15,176.1,176.85
2009-07-17,176.8,184.4,176.5,182.0,179.1
2009-07-16,179.9,181.15,172.25,174.15,174.5
2009-07-15,164.95,182.5,164.1,177.25,177.6
2009-07-14,151.2,165.5,151.0,165.0,163.7
2009-07-13,153.0,153.25,147.05,149.0,149.35
2009-07-10,157.1,157.1,152.0,155.0,155.0
2009-07-09,157.6,157.9,153.4,156.45,156.3
2009-07-08,165.0,166.8,156.0,156.1,158.5
2009-07-07,162.0,168.35,160.5,168.0,166.9
2009-07-06,173.8,176.0,157.15,159.0,159.4
2009-07-03,173.0,175.45,169.8,170.8,171.1
2009-07-02,166.8,175.0,165.1,174.5,173.25
2009-07-01,162.4,167.2,160.1,165.8,165.05
2009-06-30,168.8,168.8,159.65,164.35,163.45
2009-06-29,169.45,170.5,166.05,166.5,166.9
2009-06-26,173.0,173.5,166.15,167.7,168.35
2009-06-25,164.0,173.35,164.0,171.0,169.9
2009-06-24,158.5,164.5,156.05,163.45,163.8
2009-06-23,152.5,159.4,150.55,156.8,158.2
2009-06-22,155.65,157.0,153.5,156.8,154.35
2009-06-19,155.0,157.0,152.5,156.0,155.65
2009-06-18,156.9,158.9,148.5,154.0,153.55
2009-06-17,164.45,165.0,156.0,156.5,157.3
2009-06-16,150.15,164.0,150.15,163.8,163.05
2009-06-15,158.4,159.4,155.0,157.0,157.2
2009-06-12,159.0,162.0,156.1,158.25,158.1
2009-06-11,159.0,162.0,156.4,159.0,157.8
2009-06-10,161.0,164.85,158.15,158.6,159.35
2009-06-09,145.5,160.65,142.25,157.75,157.35
2009-06-08,152.0,157.9,145.3,146.85,148.25
2009-06-05,158.0,160.0,149.5,150.7,150.4
2009-06-04,151.0,161.0,151.0,156.05,156.75
2009-06-03,146.0,155.0,143.5,154.2,153.4
2009-06-02,147.0,149.0,142.05,145.0,143.95
2009-06-01,143.6,149.95,143.6,145.0,144.75
2009-05-29,143.1,148.2,142.35,147.1,146.5
2009-05-28,148.0,148.0,141.1,141.5,141.9
2009-05-27,141.9,146.9,141.9,145.05,145.2
2009-05-26,151.25,152.7,137.05,137.35,138.05
2009-05-25,144.8,154.2,139.9,149.5,149.05
2009-05-22,139.0,143.3,133.6,136.8,137.95
2009-05-21,142.5,151.4,138.1,140.1,139.85
2009-05-20,136.5,149.4,135.0,144.75,144.45
2009-05-19,136.0,148.8,107.7,137.55,134.6
2009-05-18,125.1,135.95,125.1,135.0,134.3
2009-05-15,117.5,123.35,116.05,116.3,117.7
2009-05-14,116.0,118.9,112.1,117.5,117.35
2009-05-13,123.75,124.8,116.05,116.8,117.6
2009-05-12,113.8,124.8,113.3,122.6,123.75
2009-05-11,122.0,122.0,113.25,114.35,114.8
2009-05-08,127.0,128.4,116.3,120.0,120.6
2009-05-07,116.3,129.0,115.1,127.0,126.85
2009-05-06,105.0,116.3,105.0,114.9,114.75
2009-05-05,108.8,113.5,107.5,110.15,110.4
2009-05-04,105.8,110.0,104.2,108.8,109.0
2009-04-29,102.0,105.0,100.05,104.0,103.1
2009-04-28,103.95,106.6,99.8,100.4,100.85
2009-04-27,109.9,109.9,102.4,103.3,103.5
2009-04-24,108.3,110.0,108.05,108.1,108.6
2009-04-23,109.85,110.75,106.8,108.85,109.15
2009-04-22,109.05,111.0,105.7,108.7,108.35
2009-04-21,110.0,111.9,107.55,109.0,108.05
2009-04-20,111.5,114.65,110.05,112.9,112.15
2009-04-17,99.9,110.9,99.9,109.7,109.2
2009-04-16,100.0,110.35,99.05,105.0,103.35
2009-04-15,96.55,100.0,95.5,99.5,99.05
2009-04-13,96.8,97.75,95.5,95.9,96.55
2009-04-09,100.0,102.5,94.55,95.5,95.25
2009-04-08,97.0,100.0,95.0,99.2,99.35
2009-04-06,97.9,98.9,96.75,98.2,98.0
2009-04-02,97.0,98.0,95.45,96.25,96.25
2009-04-01,95.0,97.25,94.5,96.0,95.5
2009-03-31,96.0,97.45,93.0,95.9,96.1
2009-03-30,95.8,98.95,93.5,95.5,94.75
2009-03-27,94.1,97.3,93.1,96.0,96.05
2009-03-26,96.7,97.5,91.5,94.0,94.05
2009-03-25,94.0,97.3,93.4,96.95,96.1
2009-03-24,94.9,95.25,92.8,94.5,94.4
2009-03-23,93.0,94.6,92.5,93.8,93.75
2009-03-20,92.0,93.8,91.25,91.7,92.05
2009-03-19,90.55,93.25,88.2,93.0,92.45
2009-03-18,92.2,94.6,90.0,90.5,90.4
2009-03-17,88.7,92.8,88.65,91.35,91.1
2009-03-16,84.0,88.9,83.6,88.0,88.2
2009-03-13,81.05,83.5,80.6,82.5,83.0
2009-03-12,80.0,81.9,79.3,80.95,80.75
2009-03-09,80.0,81.95,77.35,78.95,78.9
2009-03-06,77.5,81.95,75.55,81.25,81.05
2009-03-05,89.0,89.0,76.5,77.0,77.6
2009-03-04,77.8,77.8,76.2,77.0,77.1
2009-03-03,76.75,78.5,76.05,77.0,76.65
2009-03-02,77.85,78.35,77.1,77.5,77.75
2009-02-27,81.0,81.0,78.0,78.75,78.75
2009-02-26,79.7,80.5,77.4,79.4,79.8
2009-02-25,79.0,81.2,78.0,79.75,80.05
2009-02-24,77.5,78.0,75.1,77.5,77.5
2009-02-20,81.7,81.75,78.0,78.2,78.45
2009-02-19,81.0,81.5,79.1,79.9,79.55
2009-02-18,76.5,80.95,76.5,80.6,80.45
2009-02-17,82.0,82.0,78.55,79.25,79.1
2009-02-16,83.5,84.7,81.15,81.2,81.4
2009-02-13,89.15,89.15,83.15,83.2,83.6
2009-02-12,83.0,85.0,80.25,83.25,83.0
2009-02-11,83.5,84.4,82.85,83.3,83.75
2009-02-10,85.55,86.0,83.8,84.0,84.25
2009-02-09,85.0,86.0,83.7,85.6,85.15
2009-02-06,83.8,85.5,83.5,84.0,84.85
2009-02-05,88.0,88.0,83.05,83.6,83.9
2009-02-04,88.0,89.6,85.0,85.25,86.85
2009-02-03,82.5,87.25,82.5,86.95,85.2
2009-02-02,79.0,83.45,78.15,83.35,83.1
2009-01-30,79.0,80.7,78.6,80.0,80.1
2009-01-29,79.4,79.8,78.25,79.05,79.0
2009-01-28,77.7,79.5,77.0,78.3,78.0
2009-01-27,76.9,77.0,75.0,75.75,76.0
2009-01-23,75.05,76.55,73.6,75.0,75.0
2009-01-22,78.0,78.6,74.0,75.0,75.7
2009-01-21,80.8,80.8,76.5,76.8,77.45
2009-01-20,77.9,84.6,76.5,80.9,80.9
2009-01-19,78.0,79.5,77.8,77.85,78.0
2009-01-16,79.0,79.45,77.55,79.0,78.6
2009-01-15,76.0,79.3,75.5,77.7,78.15
2009-01-14,80.15,81.0,75.1,78.9,79.0
2009-01-13,76.0,79.4,72.1,79.0,77.35
2009-01-12,73.05,77.35,73.05,76.1,76.05
2009-01-09,74.45,77.9,72.15,75.05,76.85
2009-01-07,80.4,80.4,73.05,76.5,75.8
2009-01-06,81.05,81.95,78.5,79.2,79.55
2009-01-05,79.1,82.5,79.1,81.0,81.5
2009-01-02,78.05,80.75,77.5,77.8,78.9
2009-01-01,73.25,76.25,72.55,75.6,76.0
2008-12-31,79.0,79.0,70.3,72.6,72.9
2008-12-30,70.0,72.95,70.0,71.6,71.85
2008-12-29,70.0,72.45,68.15,71.0,71.05
2008-12-26,70.9,72.25,70.15,71.0,71.0
2008-12-24,66.55,71.5,65.55,71.5,69.95
2008-12-23,70.3,70.95,66.6,67.5,67.25
2008-12-22,73.05,74.8,70.35,70.8,71.1
2008-12-19,70.0,74.7,68.6,73.6,73.4
2008-12-18,67.3,72.45,64.8,70.0,70.1
2008-12-17,70.0,72.8,64.3,65.95,65.85
2008-12-16,65.0,69.55,63.2,68.7,68.5
2008-12-15,62.25,64.95,61.5,64.7,64.5
2008-12-12,58.55,62.4,58.5,60.55,60.95
2008-12-11,57.0,62.05,56.55,60.0,60.4
2008-12-10,55.25,57.65,55.25,56.8,56.15
2008-12-08,56.0,56.55,55.05,55.05,55.1
2008-12-05,56.4,56.95,55.05,55.1,55.15
2008-12-04,55.95,56.5,55.2,56.15,56.4
2008-12-03,54.95,56.5,54.75,55.25,55.15
2008-12-02,55.0,56.25,54.95,55.95,55.95
2008-12-01,54.1,57.3,54.1,56.85,56.55
2008-11-28,56.9,56.9,53.0,54.95,54.9
2008-11-26,57.9,57.9,54.0,54.0,54.75
2008-11-25,58.5,59.0,56.05,56.05,56.55
2008-11-24,57.5,59.4,57.5,58.6,58.55
2008-11-21,57.0,60.0,55.8,59.5,58.5
2008-11-20,56.7,57.9,55.2,57.15,56.55
2008-11-19,59.1,60.85,57.2,57.75,57.95
2008-11-18,60.0,61.45,59.5,59.6,59.75
2008-11-17,63.55,64.95,61.15,61.5,61.9
2008-11-14,65.8,67.0,64.0,64.5,64.85
2008-11-12,64.0,67.15,62.05,65.5,64.3
2008-11-11,67.9,68.0,65.3,65.5,65.95
2008-11-10,68.3,70.0,67.05,70.0,68.75
2008-11-07,64.5,67.5,64.0,67.3,66.55
2008-11-06,64.0,66.5,63.35,64.5,64.85
2008-11-05,72.0,73.0,66.05,66.9,66.55
2008-11-04,67.5,71.9,65.5,70.1,70.75
2008-11-03,67.5,68.9,65.5,67.5,67.05
2008-10-31,66.35,69.25,65.15,66.0,65.95
2008-10-29,67.5,67.85,63.5,66.2,65.35
2008-10-28,64.0,66.4,62.55,65.5,65.6
2008-10-27,63.05,65.0,56.0,59.85,59.1
2008-10-24,67.9,68.9,62.1,63.55,63.35
2008-10-23,68.9,70.0,67.05,70.0,68.9
2008-10-22,74.0,74.85,69.7,72.0,70.4
2008-10-21,74.0,77.1,72.5,75.5,75.45
2008-10-20,70.0,74.45,67.75,72.8,73.4
2008-10-17,70.0,71.85,68.0,69.5,68.95
2008-10-16,70.0,70.7,64.1,69.05,69.75
2008-10-15,69.0,70.0,67.0,67.5,67.5
2008-10-14,74.0,74.2,68.25,69.5,69.1
2008-10-13,66.9,71.8,65.0,70.75,70.75
2008-10-10,68.0,71.0,63.0,65.45,65.05
2008-10-08,74.9,75.0,67.0,70.6,69.9
2008-10-07,78.75,80.5,77.15,77.15,77.9
2008-10-06,82.0,83.5,77.0,78.3,78.05
2008-10-03,80.0,84.95,79.05,83.7,83.6
2008-10-01,82.0,82.5,77.2,81.1,81.25
2008-09-30,75.25,82.2,73.4,81.55,81.25
2008-09-29,80.0,80.45,75.0,80.45,78.4
2008-09-26,81.7,81.7,80.0,80.1,80.15
2008-09-25,82.0,82.6,80.0,81.0,81.4
2008-09-24,82.1,83.5,82.05,82.5,82.35
2008-09-23,79.7,85.8,79.7,82.0,82.0
2008-09-22,82.0,83.9,80.1,80.55,80.95
2008-09-19,83.0,83.75,79.15,83.05,82.5
2008-09-18,79.0,79.0,67.1,78.5,78.45
2008-09-17,82.75,82.85,80.05,81.0,80.55
2008-09-16,83.0,83.5,80.0,82.5,82.45
2008-09-15,84.1,85.5,80.8,85.3,84.45
2008-09-12,88.0,89.25,85.2,85.25,86.15
2008-09-11,89.3,89.3,87.15,87.5,87.5
2008-09-10,90.0,91.95,89.25,89.3,89.6
2008-09-09,93.5,93.5,91.1,91.1,91.5
2008-09-08,91.5,94.4,90.25,93.3,93.15
2008-09-05,88.9,91.6,87.0,90.55,90.95
2008-09-04,94.9,94.9,89.2,89.5,89.45
2008-09-02,91.0,92.5,89.6,91.75,91.55
2008-09-01,85.95,91.5,85.15,90.7,91.0
2008-08-29,83.0,87.5,83.0,87.1,87.15
2008-08-28,84.1,85.0,81.9,82.4,82.1
2008-08-27,85.0,86.65,84.0,84.25,84.35
2008-08-26,83.9,85.0,83.05,84.7,84.7
2008-08-25,87.05,87.35,84.2,84.3,84.85
2008-08-22,86.05,86.4,84.35,85.35,85.2
2008-08-21,89.3,89.45,85.9,86.0,86.25
2008-08-20,89.5,89.9,88.5,89.05,89.0
2008-08-19,89.0,89.6,88.05,88.05,88.35
2008-08-18,91.1,92.1,89.05,89.5,89.25
2008-08-14,93.7,95.0,90.5,91.05,91.5
2008-08-13,93.05,94.9,92.1,92.55,92.5
2008-08-12,94.1,95.9,92.4,93.9,94.25
2008-08-11,94.0,94.7,93.05,93.55,93.5
2008-08-08,92.9,93.9,91.55,92.05,92.35
2008-08-07,92.0,95.4,91.0,93.0,92.95
2008-08-06,94.5,97.1,91.15,91.95,92.0
2008-08-05,89.0,94.95,89.0,92.15,92.4
2008-08-04,89.7,90.35,88.15,89.5,89.3
2008-08-01,87.05,89.5,86.15,88.8,88.7
2008-07-31,91.1,91.1,86.65,87.0,87.75
2008-07-30,89.9,92.1,88.5,89.7,90.55
2008-07-29,91.0,94.5,88.0,88.1,88.6
2008-07-28,89.55,93.25,88.05,92.2,92.5
2008-07-25,86.1,91.0,86.1,89.8,89.55
2008-07-24,93.7,93.7,88.6,89.0,89.35
2008-07-23,89.0,94.0,89.0,92.0,92.05
2008-07-22,82.5,88.55,82.5,87.0,87.0
2008-07-21,78.5,82.4,77.1,82.15,82.0
2008-07-18,78.0,79.0,74.0,78.9,78.5
2008-07-17,75.9,76.8,74.05,75.5,74.95
2008-07-16,74.9,77.0,72.0,73.05,72.75
2008-07-15,77.0,77.9,73.6,74.05,74.9
2008-07-14,78.5,79.95,77.25,78.15,78.3
2008-07-11,81.4,83.0,78.3,79.0,78.75
2008-07-10,80.95,82.85,78.1,80.95,81.3
2008-07-09,82.0,83.45,81.2,81.8,81.75
2008-07-08,78.0,82.7,76.05,79.7,80.3
2008-07-07,77.5,82.0,77.0,79.25,79.65
2008-07-04,75.0,78.9,73.8,77.0,76.9
2008-07-03,79.0,80.0,72.6,73.8,74.65
2008-07-02,78.0,80.95,74.0,80.1,79.95
2008-07-01,83.0,83.95,76.05,77.25,77.3
2008-06-30,87.0,87.0,83.05,84.0,83.7
2008-06-27,88.4,88.4,85.5,86.95,86.65
2008-06-26,93.4,93.9,88.0,88.95,88.4
2008-06-25,92.0,93.5,91.15,91.9,91.95
2008-06-24,93.9,95.0,92.0,94.0,93.35
2008-06-23,95.0,97.0,93.0,93.8,93.7
2008-06-20,100.0,100.9,95.55,97.1,96.4
2008-06-19,102.1,102.7,97.55,99.05,98.8
2008-06-18,103.1,106.9,102.75,103.1,103.45
2008-06-17,101.55,103.05,101.0,102.7,102.75
2008-06-16,101.8,102.85,101.6,101.7,102.2
2008-06-13,102.5,102.75,100.0,100.5,100.4
2008-06-12,100.0,101.9,99.0,101.0,101.35
2008-06-11,102.0,104.3,101.1,102.0,102.6
2008-06-10,99.0,101.3,96.1,100.9,100.85
2008-06-09,98.0,100.0,95.0,99.5,99.4
2008-06-06,102.8,103.0,101.0,101.85,101.9
2008-06-05,102.9,102.9,99.85,102.1,101.9
2008-06-04,102.15,103.6,99.15,101.25,100.8
2008-06-03,102.0,103.7,100.05,102.0,101.6
2008-06-02,107.75,108.8,103.65,104.3,104.15
2008-05-30,108.0,109.0,107.0,107.0,107.2
2008-05-29,111.5,112.8,106.1,108.1,107.75
2008-05-28,109.0,111.6,107.6,111.25,110.65
2008-05-27,113.7,115.85,107.75,108.0,108.3
2008-05-26,113.05,114.4,110.1,111.25,111.3
2008-05-23,116.7,116.7,114.1,115.0,114.95
2008-05-22,118.5,118.5,114.25,115.0,114.95
2008-05-21,116.5,120.85,116.5,118.75,118.8
2008-05-20,117.7,119.0,116.5,117.25,117.35
2008-05-16,117.8,118.0,116.5,117.0,117.0
2008-05-15,117.95,118.3,116.35,116.75,117.05
2008-05-14,115.5,117.4,114.2,116.1,116.45
2008-05-13,117.5,119.4,114.55,114.95,115.3
2008-05-12,114.05,116.9,111.5,116.0,115.8
2008-05-09,118.9,120.0,115.15,116.0,115.9
2008-05-08,119.55,122.25,118.0,119.9,120.05
2008-05-07,120.0,121.75,118.1,120.5,120.65
2008-05-06,124.4,124.8,117.3,120.0,119.65
2008-05-05,121.5,125.9,120.6,123.75,123.45
2008-05-02,124.7,125.45,120.3,121.35,121.3
2008-04-30,121.0,126.2,120.0,122.25,122.55
2008-04-29,115.0,120.7,115.0,119.4,119.55
2008-04-28,120.0,120.0,111.7,115.2,114.5
2008-04-25,114.0,118.9,112.15,118.5,117.05
2008-04-24,113.25,116.75,113.0,113.5,113.65
2008-04-23,115.0,115.2,111.0,112.9,112.95
2008-04-22,114.5,115.6,113.1,114.1,113.95
2008-04-21,116.0,118.4,114.5,114.95,114.8
2008-04-17,117.0,117.0,115.0,115.35,115.45
2008-04-16,116.8,117.9,113.0,114.6,114.8
2008-04-15,110.0,116.8,109.1,116.0,115.85
2008-04-11,112.25,113.4,109.25,110.75,111.65
2008-04-10,112.25,115.9,110.05,110.3,111.4
2008-04-09,106.0,113.75,105.1,113.0,112.95
2008-04-08,105.5,109.6,104.55,107.2,107.45
2008-04-07,103.25,107.0,101.7,106.45,106.25
2008-04-04,104.3,107.3,101.1,102.85,102.35
2008-04-03,104.7,105.7,103.8,104.35,104.35
2008-04-02,106.0,108.9,103.7,104.05,104.05
2008-04-01,107.45,108.9,103.7,103.9,104.3
2008-03-31,109.45,109.9,105.75,105.75,106.45
2008-03-28,111.0,111.95,105.2,108.75,109.05
2008-03-27,105.0,111.75,104.75,110.05,110.2
2008-03-26,105.0,107.4,102.7,106.0,105.25
2008-03-25,98.6,105.95,95.25,105.5,104.75
2008-03-24,103.15,104.7,92.65,96.6,96.2
2008-03-19,107.0,109.7,101.0,102.25,102.15
2008-03-18,104.0,109.0,102.1,104.7,105.2
2008-03-17,106.0,109.0,100.5,105.25,104.8
2008-03-14,115.0,116.75,109.35,112.75,112.45
2008-03-13,116.35,121.6,108.5,115.0,113.6
2008-03-12,129.9,129.9,118.75,120.25,121.3
