Date,Open,High,Low,Close,Volume
Date,Open,High,Low,Last,Close
2016-08-26,308.0,313.5,304.5,311.0,311.9
2016-08-25,314.1,315.0,305.3,306.8,307.1
2016-08-24,313.5,314.5,310.35,312.75,312.8
2016-08-23,314.75,315.9,311.3,312.55,313.1
2016-08-22,319.0,319.0,311.3,312.85,313.7
2016-08-19,315.85,320.5,313.65,315.65,316.5
2016-08-18,311.5,314.5,311.1,311.5,311.85
2016-08-17,311.8,312.9,307.1,310.0,310.7
2016-08-16,307.75,312.0,305.0,309.35,309.95
2016-08-12,305.85,309.8,303.5,304.6,305.15
2016-08-11,304.0,307.85,301.35,305.5,305.85
2016-08-10,313.4,313.8,303.35,304.0,305.15
2016-08-09,316.0,316.2,310.3,311.5,312.9
2016-08-08,311.0,316.4,305.4,312.6,313.5
2016-08-05,308.0,312.9,307.35,308.6,309.7
2016-08-04,294.9,307.0,286.55,306.85,304.15
2016-08-03,302.95,303.0,291.7,292.95,293.35
2016-08-02,307.0,310.75,302.4,303.5,303.45
2016-08-01,308.5,312.4,303.0,305.1,305.75
2016-07-29,304.65,310.3,303.35,306.5,304.8
2016-07-28,303.5,307.8,301.35,303.5,304.05
2016-07-27,305.0,309.0,303.0,303.6,304.65
2016-07-26,314.1,315.4,303.15,304.0,304.95
2016-07-25,313.2,316.2,311.1,313.8,314.1
2016-07-22,308.9,315.5,307.5,313.2,312.75
2016-07-21,317.0,319.85,307.1,307.5,308.9
2016-07-20,316.0,319.8,314.5,316.95,316.35
2016-07-19,318.0,319.15,311.2,315.5,315.5
2016-07-18,321.2,324.6,315.7,317.75,317.4
2016-07-15,319.9,326.9,318.1,319.45,319.6
2016-07-14,317.9,324.45,316.25,318.5,319.1
2016-07-13,331.75,332.9,318.0,318.65,319.9
2016-07-12,340.0,340.35,331.5,333.1,333.7
2016-07-11,334.95,340.0,333.2,336.75,338.45
2016-07-08,341.0,342.35,330.3,331.55,331.6
2016-07-07,342.0,344.05,338.65,341.2,341.0
2016-07-05,339.45,341.95,336.0,338.2,339.4
2016-07-04,328.45,340.75,327.15,339.6,339.4
2016-07-01,329.05,332.15,327.0,327.25,328.0
2016-06-30,327.35,331.4,326.4,327.65,329.0
2016-06-29,325.0,329.2,323.35,326.8,326.9
2016-06-28,323.5,327.5,321.7,324.2,324.15
2016-06-27,314.0,325.75,311.0,323.65,323.2
2016-06-24,305.0,316.7,294.7,314.4,314.6
2016-06-23,325.95,327.55,319.7,320.0,321.6
2016-06-22,333.0,334.6,321.65,323.3,324.05
2016-06-21,313.9,328.4,310.05,328.1,326.95
2016-06-20,306.0,313.8,305.1,311.1,311.6
2016-06-17,311.6,312.3,306.15,308.15,309.0
2016-06-16,313.0,313.0,305.25,309.0,309.25
2016-06-15,307.5,314.45,307.5,313.15,313.5
2016-06-14,306.9,309.35,302.6,306.0,306.95
2016-06-13,305.95,307.9,300.25,307.75,306.4
2016-06-10,311.95,314.5,305.95,307.0,308.0
2016-06-09,317.5,318.9,310.25,311.1,311.4
2016-06-08,314.45,318.7,309.0,317.95,317.75
2016-06-07,310.0,315.0,308.35,314.8,314.05
2016-06-06,307.35,312.1,302.1,309.7,309.3
2016-06-03,315.95,317.75,303.6,306.1,306.0
2016-06-02,314.0,316.9,309.7,314.65,315.6
2016-06-01,319.6,322.0,312.65,315.4,314.95
2016-05-31,316.55,322.6,313.0,318.6,319.45
2016-05-30,315.5,318.0,313.35,314.4,315.35
2016-05-27,313.0,317.9,310.05,314.6,315.35
2016-05-26,314.0,315.5,310.4,312.5,312.5
2016-05-25,303.5,314.65,301.0,313.5,311.35
2016-05-24,302.4,303.9,295.1,301.6,300.7
2016-05-23,302.95,308.9,299.75,302.35,301.95
2016-05-20,303.4,306.6,299.4,301.45,301.0
2016-05-19,306.9,310.3,300.55,303.4,303.65
2016-05-18,301.0,309.0,299.0,307.0,307.55
2016-05-17,303.4,307.5,301.05,303.0,303.15
2016-05-16,298.9,303.3,296.15,301.5,301.45
2016-05-13,303.95,305.3,293.2,300.0,299.1
2016-05-12,297.25,303.55,295.0,303.2,301.55
2016-05-11,285.0,300.65,282.85,295.55,295.0
2016-05-10,290.25,294.0,287.1,289.6,288.4
2016-05-09,279.3,288.85,278.95,288.7,287.1
2016-05-06,272.2,278.1,272.05,277.0,276.8
2016-05-05,277.0,278.9,272.3,274.65,274.25
2016-05-04,278.0,283.8,275.6,276.85,276.5
2016-05-03,290.1,293.6,279.1,279.1,280.25
2016-05-02,277.0,289.5,275.15,289.0,286.85
2016-04-29,283.8,287.75,270.0,278.0,277.35
2016-04-28,291.0,294.25,282.6,283.6,283.95
2016-04-27,285.95,292.8,285.1,290.55,291.25
2016-04-26,279.55,287.0,276.4,284.2,284.95
2016-04-25,278.0,284.9,276.45,278.85,279.55
2016-04-22,273.9,281.2,271.35,275.65,275.9
2016-04-21,268.15,278.8,263.7,273.0,273.3
2016-04-20,271.4,271.75,265.2,267.6,267.5
2016-04-18,273.05,274.6,268.55,270.2,270.35
2016-04-13,275.1,278.0,274.05,274.35,275.0
2016-04-12,268.7,275.7,267.95,273.35,273.65
2016-04-11,267.6,270.4,261.5,268.05,268.7
2016-04-08,258.1,267.9,258.0,267.2,266.5
2016-04-07,268.0,268.8,259.2,260.0,260.3
2016-04-06,261.0,268.5,257.05,267.9,267.15
2016-04-05,269.8,269.8,258.6,260.2,261.05
2016-04-04,273.65,275.95,268.35,269.2,270.3
2016-04-01,273.0,279.6,270.65,272.8,273.1
2016-03-31,268.4,276.3,268.0,273.95,273.35
2016-03-30,269.25,272.4,266.65,267.65,267.8
2016-03-29,266.0,272.5,265.0,267.1,268.5
2016-03-28,276.0,277.55,267.4,269.5,269.35
2016-03-23,279.45,281.5,273.2,275.15,275.7
2016-03-22,277.1,282.5,274.4,279.35,280.25
2016-03-21,275.1,279.45,270.6,277.05,277.05
2016-03-18,272.0,276.0,266.7,275.15,274.85
2016-03-17,275.9,278.35,270.0,270.15,271.4
2016-03-16,275.0,275.6,264.2,272.0,271.55
2016-03-15,278.0,279.8,272.25,274.0,274.05
2016-03-14,275.8,282.0,275.3,277.8,278.15
2016-03-11,272.35,277.3,269.4,273.15,274.05
2016-03-10,275.9,279.3,270.7,271.4,272.35
2016-03-09,263.0,276.9,261.45,275.75,275.5
2016-03-08,268.95,272.7,261.05,265.1,264.7
2016-03-04,265.5,273.4,261.6,269.0,267.95
2016-03-03,266.0,267.5,259.25,264.5,265.4
2016-03-02,262.0,269.8,258.6,264.8,264.0
2016-03-01,236.9,265.0,236.3,260.2,260.3
2016-02-29,255.3,258.7,235.0,237.0,238.65
2016-02-26,265.0,267.05,246.85,256.0,254.8
2016-02-25,267.0,269.65,261.5,263.2,262.5
2016-02-24,277.65,278.0,267.3,267.8,269.05
2016-02-23,279.85,284.0,275.55,277.85,278.55
2016-02-22,279.05,284.2,277.05,278.85,279.45
2016-02-19,274.1,281.45,269.2,279.4,279.95
2016-02-18,285.5,287.7,274.05,276.55,278.65
2016-02-17,275.0,284.4,267.75,283.9,282.25
2016-02-16,289.6,289.8,273.7,275.5,275.75
2016-02-15,276.0,288.9,275.95,286.2,286.85
2016-02-12,272.0,279.0,259.65,274.9,273.65
2016-02-11,281.0,284.0,267.75,270.0,270.0
2016-02-10,282.7,287.35,276.0,281.65,281.05
2016-02-09,283.0,285.75,273.85,283.75,283.2
2016-02-08,282.0,297.95,282.0,289.0,288.9
2016-02-05,285.0,289.65,277.75,284.5,284.45
2016-02-04,303.8,304.45,280.5,286.6,287.55
2016-02-03,305.0,308.5,295.4,301.0,300.25
2016-02-02,320.05,322.1,305.9,306.25,308.05
2016-02-01,328.0,329.3,320.7,321.25,322.1
2016-01-29,320.0,327.95,314.5,325.4,326.25
2016-01-28,313.55,319.8,309.6,319.0,317.85
2016-01-27,320.45,321.65,312.1,313.8,313.7
2016-01-25,316.45,323.3,314.4,317.35,316.75
2016-01-22,317.0,319.0,309.4,312.2,313.35
2016-01-21,309.0,319.45,305.6,314.0,312.1
2016-01-20,307.5,310.85,295.05,307.2,305.0
2016-01-19,298.0,318.15,294.7,313.5,312.1
2016-01-18,318.0,319.15,297.8,298.65,299.4
2016-01-15,333.5,336.5,315.25,317.9,318.45
2016-01-14,327.6,336.9,326.0,332.1,331.0
2016-01-13,341.0,345.0,326.0,336.3,336.5
2016-01-12,344.5,347.0,333.5,339.7,338.2
2016-01-11,339.5,348.5,335.95,343.3,342.35
2016-01-08,337.1,348.55,337.1,345.95,344.45
2016-01-07,353.1,354.25,336.15,337.0,337.85
2016-01-06,360.5,365.7,353.25,357.65,358.4
2016-01-05,349.1,363.5,344.2,360.6,361.15
2016-01-04,353.0,356.2,344.1,347.8,347.1
2016-01-01,357.7,357.7,352.15,354.3,354.9
2015-12-31,351.5,360.0,349.3,359.3,358.2
2015-12-30,347.05,354.9,346.95,351.5,352.25
2015-12-29,348.9,351.55,344.2,350.5,348.95
2015-12-28,337.0,350.3,337.0,346.25,347.75
2015-12-24,334.7,341.0,333.6,338.95,339.15
2015-12-23,333.5,336.75,333.0,334.0,334.25
2015-12-22,320.55,334.2,320.25,331.9,332.2
2015-12-21,319.9,323.75,315.5,319.1,318.95
2015-12-18,322.1,326.0,320.45,321.95,322.0
2015-12-17,308.3,324.5,307.7,322.5,322.35
2015-12-16,301.0,309.4,300.75,307.65,307.15
2015-12-15,297.0,303.0,293.5,301.0,301.15
2015-12-14,298.5,302.0,291.0,296.5,295.5
2015-12-11,302.1,304.9,293.85,300.75,299.05
2015-12-10,301.9,305.7,295.0,301.9,301.1
2015-12-09,309.9,314.0,297.65,301.5,300.35
2015-12-08,314.7,321.35,310.0,310.0,311.9
2015-12-07,312.35,318.75,312.05,316.0,316.1
2015-12-04,308.0,315.9,306.5,310.05,309.55
2015-12-03,316.0,316.0,309.0,310.5,310.2
2015-12-02,313.5,319.45,313.05,315.1,315.4
2015-12-01,318.4,318.75,311.3,313.0,313.55
2015-11-30,307.2,319.7,304.8,316.85,317.35
2015-11-27,305.7,311.2,303.25,305.3,305.65
2015-11-26,299.75,306.8,299.05,305.0,304.45
2015-11-24,297.0,305.35,295.85,299.0,298.25
2015-11-23,304.6,307.0,296.4,296.8,297.6
2015-11-20,310.0,313.6,301.6,303.5,303.65
2015-11-19,286.4,312.3,286.2,309.8,309.45
2015-11-18,284.2,287.25,282.65,285.6,284.85
2015-11-17,287.55,288.0,284.0,284.1,284.95
2015-11-16,288.4,290.5,283.2,285.55,284.95
2015-11-13,285.95,290.5,281.5,287.5,288.1
2015-11-11,286.95,288.2,286.2,286.9,286.7
2015-11-10,286.0,289.1,284.2,286.0,285.45
2015-11-09,280.0,287.75,278.3,286.6,286.1
2015-11-06,282.5,285.5,277.2,284.25,283.65
2015-11-05,266.0,283.05,265.2,282.7,281.6
2015-11-04,276.9,278.1,266.0,268.0,268.25
2015-11-03,280.3,282.75,274.3,274.95,275.6
2015-11-02,277.7,280.75,270.75,280.2,278.9
2015-10-30,283.5,283.5,273.0,278.0,277.5
2015-10-29,283.1,286.8,280.5,282.6,282.65
2015-10-28,282.15,284.9,278.65,283.5,282.9
2015-10-27,274.9,284.95,273.4,283.0,282.8
2015-10-26,289.0,289.7,277.1,277.9,278.65
2015-10-23,292.0,292.0,285.7,287.65,287.6
2015-10-21,291.5,292.3,283.0,287.5,287.65
2015-10-20,291.0,294.4,287.55,289.9,290.1
2015-10-19,294.0,294.5,287.15,288.65,289.85
2015-10-16,292.8,296.0,291.05,293.0,293.15
2015-10-15,286.4,292.5,284.65,291.0,290.75
2015-10-14,287.0,290.65,281.65,284.5,284.95
2015-10-13,290.6,291.75,284.4,286.6,287.0
2015-10-12,287.4,292.8,285.1,290.65,289.15
2015-10-09,288.3,289.85,284.1,286.8,287.25
2015-10-08,287.65,291.0,284.55,286.6,286.45
2015-10-07,285.0,288.5,282.0,287.05,286.75
2015-10-06,282.9,286.4,280.05,283.15,283.4
2015-10-05,275.0,283.25,273.6,282.35,281.0
2015-10-01,282.0,282.7,270.4,271.65,272.55
2015-09-30,281.3,287.65,274.5,279.4,279.35
2015-09-29,278.7,284.8,277.0,278.8,278.8
2015-09-28,284.55,288.4,282.05,283.9,283.75
2015-09-24,290.95,292.85,283.1,284.5,284.0
2015-09-23,272.15,294.0,272.15,290.0,290.65
2015-09-22,292.95,295.75,276.25,277.0,279.15
2015-09-21,280.6,292.7,278.55,291.9,291.15
2015-09-18,275.0,286.6,275.0,283.9,284.15
2015-09-16,282.1,282.9,272.0,274.0,273.55
2015-09-15,276.9,283.0,276.0,280.6,280.0
2015-09-14,263.4,275.75,261.5,275.3,275.0
2015-09-11,263.9,267.4,260.0,260.85,262.05
2015-09-10,258.65,262.05,254.85,260.25,259.8
2015-09-09,271.1,272.5,263.5,264.3,266.4
2015-09-08,256.15,270.3,253.2,267.5,266.1
2015-09-07,256.7,262.0,252.15,256.5,254.5
2015-09-04,266.45,269.45,250.65,256.0,255.55
2015-09-03,260.9,268.7,260.8,262.55,263.8
2015-09-02,257.2,266.45,256.5,259.5,258.45
2015-09-01,268.0,270.55,254.0,255.0,257.2
2015-08-31,271.7,274.4,267.55,270.95,271.4
2015-08-28,267.9,276.65,265.2,271.3,271.35
2015-08-27,260.7,270.5,258.5,264.8,264.9
2015-08-26,263.0,265.4,254.4,255.95,257.3
2015-08-25,251.4,266.55,237.0,264.4,264.2
2015-08-24,266.5,269.7,241.3,244.0,249.4
2015-08-21,267.95,281.6,261.0,280.3,280.2
2015-08-20,288.5,292.5,272.55,273.2,273.95
2015-08-19,290.7,294.75,287.9,289.9,289.3
2015-08-18,287.6,296.95,283.75,290.7,291.75
2015-08-17,295.25,295.25,285.0,285.55,286.5
2015-08-14,283.6,294.7,281.5,293.75,293.75
2015-08-13,282.75,288.0,275.5,282.25,280.6
2015-08-12,291.95,291.95,275.55,279.95,279.9
2015-08-11,302.25,302.85,290.0,292.1,292.6
2015-08-10,302.25,308.75,298.85,299.15,300.7
2015-08-07,309.0,313.3,302.2,303.5,304.85
2015-08-06,309.0,320.05,298.7,309.85,309.9
2015-08-05,315.0,316.8,305.25,309.05,309.9
2015-08-04,320.95,325.4,313.2,314.9,315.85
2015-08-03,317.85,328.0,314.5,319.95,320.25
2015-07-31,322.0,322.4,311.05,317.35,318.45
2015-07-30,304.4,323.8,303.25,321.85,320.55
2015-07-29,292.4,307.4,291.55,304.2,304.5
2015-07-28,294.0,297.0,289.45,292.0,290.9
2015-07-27,303.0,303.95,290.75,293.25,292.6
2015-07-24,309.0,313.65,301.45,303.15,303.1
2015-07-23,310.0,313.5,303.8,307.8,309.3
2015-07-22,287.0,311.8,284.2,310.0,309.15
2015-07-21,303.0,304.8,286.35,290.0,290.6
2015-07-20,302.0,304.95,296.1,303.55,303.25
2015-07-17,295.5,302.0,293.5,300.0,299.6
2015-07-16,293.25,295.5,290.65,294.5,294.2
2015-07-15,287.2,296.0,287.2,290.55,291.05
2015-07-14,278.25,288.2,277.6,286.5,286.65
2015-07-13,283.9,283.9,277.05,279.3,279.35
2015-07-10,285.95,290.1,281.75,282.3,284.05
2015-07-09,284.2,286.8,280.1,284.2,284.25
2015-07-08,289.6,291.8,281.0,282.3,282.45
2015-07-07,291.2,298.45,289.0,293.4,293.25
2015-07-06,268.0,291.8,266.4,291.2,287.65
2015-07-03,272.7,274.6,269.5,272.0,272.45
2015-07-02,268.95,275.0,267.25,272.0,271.6
2015-07-01,273.75,276.1,266.4,267.3,267.65
2015-06-30,260.4,269.9,260.25,269.35,268.85
2015-06-29,260.0,264.0,252.3,261.2,260.4
2015-06-26,267.6,271.45,263.7,265.5,265.95
2015-06-25,256.25,271.0,256.25,269.0,267.3
2015-06-24,263.2,265.65,258.0,260.9,260.0
2015-06-23,253.8,266.75,253.5,262.5,262.65
2015-06-22,244.3,254.0,240.45,253.45,252.75
2015-06-19,238.0,244.9,237.0,243.0,243.1
2015-06-18,236.15,238.65,232.0,236.6,236.0
2015-06-17,223.75,237.0,223.2,236.0,235.5
2015-06-16,227.5,227.6,216.3,222.5,222.75
2015-06-15,235.7,236.7,225.55,227.45,228.15
2015-06-12,228.95,237.3,228.15,236.0,235.4
2015-06-11,241.75,243.8,229.45,230.6,230.65
2015-06-10,233.0,240.6,232.8,240.0,239.8
2015-06-09,231.5,236.95,227.85,232.3,233.0
2015-06-08,240.8,242.9,230.3,231.45,232.05
2015-06-05,236.0,246.2,233.0,241.3,241.75
2015-06-04,232.2,237.3,230.1,236.55,236.5
2015-06-03,236.5,237.0,224.55,231.45,231.0
2015-06-02,247.5,248.1,234.25,236.75,236.1
2015-06-01,238.5,247.75,238.05,245.75,246.2
2015-05-29,238.2,243.5,236.15,237.7,238.1
2015-05-28,225.4,240.75,222.0,238.0,238.2
2015-05-27,230.15,236.5,222.35,223.3,224.05
2015-05-26,240.0,243.6,231.25,232.65,232.9
2015-05-25,241.95,244.0,238.8,240.1,240.3
2015-05-22,239.0,246.75,237.6,242.3,241.95
2015-05-21,242.9,244.1,238.2,240.0,239.6
2015-05-20,248.5,250.6,241.2,241.5,242.35
2015-05-19,249.6,253.8,245.35,245.9,246.05
2015-05-18,253.8,254.45,245.6,249.95,249.35
2015-05-15,256.2,258.95,251.0,252.5,253.05
2015-05-14,256.4,261.6,248.7,255.55,257.45
2015-05-13,252.2,258.75,250.0,258.0,255.85
2015-05-12,256.8,257.0,245.35,252.0,250.2
2015-05-11,251.0,258.4,251.0,256.85,256.65
2015-05-08,242.1,250.4,242.1,249.7,249.1
2015-05-07,253.5,257.2,234.55,239.85,238.65
2015-05-06,268.65,270.6,252.3,253.65,253.95
2015-05-05,271.9,274.0,268.1,270.1,271.15
2015-05-04,255.45,273.65,255.15,272.7,272.3
2015-04-30,256.2,259.0,251.0,255.3,254.1
2015-04-29,252.6,258.85,249.5,257.3,257.25
2015-04-28,245.0,254.8,243.5,252.5,252.8
2015-04-27,257.0,257.65,246.5,246.65,247.7
2015-04-24,264.0,265.95,255.65,256.3,257.15
2015-04-23,267.0,268.8,262.85,263.7,263.8
2015-04-22,261.85,267.4,254.5,265.55,265.9
2015-04-21,261.9,266.75,259.5,261.85,261.85
2015-04-20,274.75,275.0,259.6,262.5,262.65
2015-04-17,279.9,282.8,273.0,275.05,274.95
2015-04-16,283.2,285.45,275.5,279.1,280.75
2015-04-15,282.1,290.0,280.1,282.15,283.6
2015-04-13,283.6,286.8,279.75,280.8,281.35
2015-04-10,280.65,286.9,278.35,283.4,283.25
2015-04-09,281.3,285.05,277.0,279.5,280.3
2015-04-08,280.3,287.9,276.7,280.25,280.2
2015-04-07,269.8,280.7,266.15,279.0,279.0
2015-04-06,266.1,272.25,265.0,268.45,269.8
2015-04-01,260.85,268.2,259.0,268.0,267.2
2015-03-31,269.65,269.85,260.6,261.4,261.7
2015-03-30,266.3,269.9,262.15,269.65,268.45
2015-03-27,262.7,266.8,252.1,264.1,263.4
2015-03-26,259.9,267.0,258.0,262.45,260.6
2015-03-25,256.0,263.8,252.9,261.45,261.95
2015-03-24,266.8,271.65,255.5,256.0,256.2
2015-03-23,275.95,276.05,264.2,268.7,266.7
2015-03-20,285.9,286.95,273.0,273.95,274.0
2015-03-19,295.5,298.2,283.0,284.6,286.05
2015-03-18,298.5,299.35,292.5,294.35,293.5
2015-03-17,292.1,298.2,289.5,298.1,296.0
2015-03-16,286.65,292.4,284.3,291.5,290.4
2015-03-13,299.0,306.55,284.45,288.2,286.5
2015-03-12,295.5,301.75,295.05,297.7,297.2
2015-03-11,300.0,303.9,293.65,294.5,294.5
2015-03-10,302.65,307.4,296.3,301.45,300.3
2015-03-09,308.0,310.5,301.25,303.0,303.05
2015-03-05,308.0,313.5,306.45,311.45,310.9
2015-03-04,322.25,325.0,305.0,307.6,308.55
2015-03-03,315.95,327.0,313.85,318.7,320.45
2015-03-02,308.0,317.4,306.35,314.6,314.75
2015-02-28,309.5,312.45,299.1,307.4,306.55
2015-02-27,302.3,308.85,302.0,307.4,306.75
2015-02-26,297.95,306.3,295.05,302.0,300.95
2015-02-25,302.5,305.3,295.8,297.0,297.2
2015-02-24,300.25,303.6,294.9,300.9,301.75
2015-02-23,311.3,312.7,297.45,298.5,300.85
2015-02-20,308.95,313.8,305.25,309.6,310.05
2015-02-19,315.9,318.4,306.9,307.9,308.85
2015-02-18,309.0,319.85,308.5,314.5,314.7
2015-02-16,312.35,312.6,304.5,307.5,307.2
2015-02-13,313.3,317.9,311.0,311.1,313.25
2015-02-12,299.9,316.0,299.05,311.7,311.4
2015-02-11,289.65,299.9,288.25,299.65,297.05
2015-02-10,281.0,288.5,272.5,288.15,287.0
2015-02-09,281.0,287.0,275.1,280.1,280.95
2015-02-06,287.85,287.95,276.6,284.6,283.1
2015-02-05,291.5,304.4,283.7,286.35,287.55
2015-02-04,302.35,305.9,288.0,289.6,292.0
2015-02-03,285.0,302.5,280.25,299.7,300.15
2015-02-02,287.0,296.6,281.8,283.9,283.6
2015-01-30,297.05,300.25,287.3,290.0,290.75
2015-01-29,271.0,297.6,269.15,295.0,295.0
2015-01-28,270.0,274.2,267.35,271.1,271.9
2015-01-27,270.0,272.45,265.3,270.3,270.55
2015-01-23,275.9,277.0,268.65,269.5,270.3
2015-01-22,276.7,278.85,269.15,272.25,272.95
2015-01-21,280.5,282.45,273.15,274.35,275.2
2015-01-20,279.0,282.3,276.5,278.5,279.05
2015-01-19,274.3,280.0,273.55,278.25,278.65
2015-01-16,270.5,276.15,266.7,273.4,273.1
2015-01-15,273.15,276.75,268.0,268.7,271.6
2015-01-14,263.15,271.5,263.15,271.0,270.7
2015-01-13,270.0,273.3,262.2,263.75,264.05
2015-01-12,267.45,271.45,264.65,269.2,268.85
2015-01-09,273.25,274.4,261.3,266.15,266.75
2015-01-08,268.3,270.95,265.6,270.9,269.65
2015-01-07,261.25,267.0,256.3,265.0,264.1
2015-01-06,279.9,279.9,260.1,262.85,262.45
2015-01-05,282.5,284.4,280.4,281.5,281.2
2015-01-02,282.7,289.2,280.55,282.2,281.8
2015-01-01,282.9,283.65,280.25,281.2,281.5
2014-12-31,280.0,285.55,280.0,282.55,283.1
2014-12-30,281.0,283.4,278.1,280.4,281.2
2014-12-29,280.8,284.7,279.35,280.25,280.4
2014-12-26,271.0,280.25,267.6,279.5,277.4
2014-12-24,267.0,272.0,265.45,269.25,269.4
2014-12-23,272.35,274.5,264.8,266.7,266.7
2014-12-22,271.0,273.4,265.7,271.75,271.95
2014-12-19,272.9,278.8,268.0,269.0,270.2
2014-12-18,250.05,270.0,250.05,270.0,267.65
2014-12-17,252.0,254.75,242.0,245.4,246.45
2014-12-16,251.65,255.55,249.1,253.0,252.25
2014-12-15,263.5,266.5,255.05,257.0,256.65
2014-12-12,275.5,276.8,265.0,266.0,266.0
2014-12-11,272.0,277.7,264.6,274.0,273.4
2014-12-10,266.2,274.55,266.0,273.3,272.6
2014-12-09,276.7,281.35,267.35,270.0,268.85
2014-12-08,290.0,293.9,275.4,276.35,277.8
2014-12-05,297.95,303.25,287.55,288.5,291.15
2014-12-04,288.0,298.4,281.5,295.9,296.5
2014-12-03,287.0,292.85,285.25,287.35,287.35
2014-12-02,273.25,286.2,273.2,285.3,285.2
2014-12-01,278.55,283.9,274.05,275.2,275.65
2014-11-28,278.0,284.75,278.0,280.25,280.8
2014-11-27,282.0,284.4,277.5,278.5,278.2
2014-11-26,277.0,281.9,274.0,281.0,281.05
2014-11-25,288.8,288.8,272.0,276.7,277.75
2014-11-24,292.25,294.25,286.2,287.75,287.95
2014-11-21,291.75,296.7,290.25,291.2,291.9
2014-11-20,295.0,296.85,286.6,291.15,292.15
2014-11-19,293.0,297.85,288.05,295.3,295.5
2014-11-18,286.55,294.2,284.2,292.6,292.75
2014-11-17,279.35,289.0,279.3,287.3,287.1
2014-11-14,279.05,283.8,278.4,281.7,282.05
2014-11-13,286.9,287.85,276.65,280.5,278.2
2014-11-12,286.8,291.5,284.4,285.4,285.65
2014-11-11,288.0,295.2,282.9,286.5,285.4
2014-11-10,300.05,300.05,287.1,288.6,289.8
2014-11-07,310.15,313.2,292.6,298.5,299.3
2014-11-05,301.65,311.9,301.65,310.25,308.55
2014-11-03,299.4,304.25,297.3,300.0,300.85
2014-10-31,298.15,305.6,296.4,298.5,298.25
2014-10-30,297.0,301.35,293.35,295.6,297.15
2014-10-29,289.2,298.0,289.2,297.0,296.8
2014-10-28,295.5,296.85,287.1,289.4,288.95
2014-10-27,298.9,304.5,294.0,294.5,295.5
2014-10-23,298.4,298.7,296.1,296.7,297.1
2014-10-22,295.75,299.4,293.6,296.85,296.9
2014-10-21,286.45,296.0,285.1,292.65,292.0
2014-10-20,280.0,285.35,275.65,283.0,283.75
2014-10-17,269.8,276.5,267.1,272.4,273.05
2014-10-16,278.35,285.5,264.1,266.6,268.1
2014-10-14,284.9,286.8,278.65,281.6,281.2
2014-10-13,277.0,284.0,271.8,281.95,282.45
2014-10-10,292.0,292.0,280.5,281.0,281.25
2014-10-09,290.45,297.7,290.45,295.5,295.15
2014-10-08,285.0,290.5,281.75,288.95,287.7
2014-10-07,296.7,297.95,283.2,288.45,285.9
2014-10-01,297.0,300.2,294.25,296.0,295.15
2014-09-30,298.8,307.5,293.75,295.75,296.9
2014-09-29,298.0,307.0,297.8,301.55,301.8
2014-09-26,289.8,299.4,288.5,299.0,297.35
2014-09-25,294.0,299.95,287.25,292.65,290.6
2014-09-24,304.3,308.95,287.7,292.5,293.75
2014-09-23,314.1,319.9,302.0,304.0,303.4
2014-09-22,316.0,320.0,310.65,316.2,316.75
2014-09-19,327.0,334.1,312.65,315.15,316.2
2014-09-18,322.0,329.8,317.1,326.25,326.55
2014-09-17,310.0,322.0,296.8,319.05,319.3
2014-09-16,334.0,341.5,303.0,305.3,305.5
2014-09-15,335.05,338.6,330.6,333.1,334.15
2014-09-12,325.9,336.9,319.3,336.3,335.75
2014-09-11,325.2,330.3,323.4,325.85,325.15
2014-09-10,322.75,328.7,320.5,324.9,323.95
2014-09-09,320.4,330.5,320.0,323.05,323.4
2014-09-08,324.0,325.0,315.65,319.7,319.0
2014-09-05,326.5,334.35,320.7,322.3,325.35
2014-09-04,304.0,327.4,302.05,326.35,324.15
2014-09-03,295.5,305.4,292.65,304.25,304.25
2014-09-02,292.35,296.95,290.6,294.35,295.4
2014-09-01,288.9,293.85,283.55,292.0,292.45
2014-08-28,278.5,288.3,275.45,285.1,286.7
2014-08-27,280.95,281.6,274.1,278.95,278.45
2014-08-26,272.8,279.5,271.7,278.7,278.2
2014-08-25,256.0,275.9,256.0,273.1,271.7
2014-08-22,255.0,261.4,254.1,254.75,255.95
2014-08-21,253.8,258.0,250.35,252.15,252.9
2014-08-20,236.15,256.2,232.7,251.0,251.8
2014-08-19,233.7,238.75,229.55,234.8,235.05
2014-08-18,231.0,235.55,228.6,231.7,232.85
2014-08-14,224.4,232.2,222.7,229.2,230.45
2014-08-13,233.8,233.8,220.65,224.0,224.65
2014-08-12,232.05,234.4,230.15,231.75,232.55
2014-08-11,232.95,232.95,227.6,230.55,231.2
2014-08-08,236.2,237.45,226.15,227.8,227.6
2014-08-07,233.0,242.6,229.15,239.5,239.8
2014-08-06,233.0,239.8,230.1,232.0,232.45
2014-08-05,233.5,234.7,225.6,233.6,233.7
2014-08-04,225.1,233.7,224.4,232.1,232.85
2014-08-01,226.2,234.8,220.0,223.6,222.3
2014-07-31,243.05,244.35,226.55,230.3,230.65
2014-07-30,210.1,244.95,207.1,242.9,240.65
2014-07-28,219.4,219.4,206.55,210.3,210.9
2014-07-25,233.0,233.2,215.0,216.35,217.35
2014-07-24,234.7,234.7,231.55,232.0,232.55
2014-07-23,236.0,238.75,230.85,236.9,236.1
2014-07-22,235.2,237.3,232.0,235.0,235.45
2014-07-21,230.85,237.0,230.2,234.8,234.75
2014-07-18,229.0,235.9,227.65,229.75,230.45
2014-07-17,226.0,232.2,223.2,231.8,230.9
2014-07-16,224.5,229.9,220.65,227.0,227.6
2014-07-15,216.0,224.65,214.0,224.0,222.15
2014-07-14,202.0,216.0,199.15,216.0,212.05
2014-07-11,210.05,217.8,200.6,202.75,203.5
2014-07-10,223.0,228.0,205.4,210.05,211.75
2014-07-09,226.1,230.8,219.9,223.0,222.85
2014-07-08,243.6,245.5,224.0,224.5,229.5
2014-07-07,245.0,246.65,241.75,242.5,243.1
2014-07-04,245.5,247.5,241.65,244.2,245.4
2014-07-03,236.0,246.8,233.85,244.55,244.1
2014-07-02,236.75,236.85,232.8,234.1,234.85
2014-07-01,233.05,238.0,232.6,234.75,235.0
2014-06-30,232.7,236.25,230.25,233.5,233.75
2014-06-27,235.0,238.4,230.3,231.8,233.05
2014-06-26,225.75,237.6,222.75,233.1,233.65
2014-06-25,222.0,228.5,221.1,225.85,225.75
2014-06-24,222.9,224.55,218.4,222.75,221.9
2014-06-23,214.9,222.7,210.9,221.85,220.85
2014-06-20,215.0,217.7,211.35,214.9,214.25
2014-06-19,219.8,222.45,213.3,214.65,215.15
2014-06-18,223.2,226.65,216.3,217.4,218.55
2014-06-17,217.0,224.75,212.5,222.8,222.1
2014-06-16,210.45,217.8,203.6,216.25,216.3
2014-06-13,215.0,220.4,205.4,207.75,210.45
2014-06-12,209.8,215.5,208.05,215.1,213.45
2014-06-11,205.0,217.5,204.5,208.1,210.55
2014-06-10,208.1,208.1,198.85,202.5,202.35
2014-06-09,208.8,209.8,205.45,207.0,207.55
2014-06-06,207.4,208.9,202.85,206.55,207.35
2014-06-05,200.55,207.4,198.0,203.3,203.9
2014-06-04,197.1,200.7,194.5,199.7,199.8
2014-06-03,191.0,197.45,191.0,196.4,196.0
2014-06-02,183.9,193.25,183.0,193.15,192.05
2014-05-30,186.0,189.0,180.35,181.5,182.7
2014-05-29,185.45,188.2,181.95,185.2,185.7
2014-05-28,189.2,189.3,183.6,184.5,184.55
2014-05-27,190.35,193.7,185.55,187.5,187.7
2014-05-26,203.0,204.8,184.75,187.85,188.8
2014-05-23,198.0,203.95,197.15,200.6,200.45
2014-05-22,189.75,196.5,188.8,196.1,194.8
2014-05-21,188.5,194.3,183.25,188.1,187.75
2014-05-20,182.0,192.4,181.65,187.5,187.45
2014-05-19,180.0,183.7,174.7,181.3,180.3
2014-05-16,191.5,195.4,176.7,178.6,178.4
2014-05-15,197.25,197.8,187.25,188.3,189.9
2014-05-14,192.55,201.0,191.8,195.85,196.45
2014-05-13,189.85,198.8,188.75,193.0,193.1
2014-05-12,191.5,195.45,187.6,188.5,188.7
2014-05-09,198.15,199.45,191.3,191.9,191.75
2014-05-08,192.5,198.5,192.0,197.6,197.1
2014-05-07,184.7,193.3,183.9,190.6,190.1
2014-05-06,184.7,185.95,183.3,184.1,184.65
2014-05-05,184.8,186.9,182.2,183.0,183.05
2014-05-02,183.0,186.7,180.5,184.6,184.6
2014-04-30,185.5,190.1,179.25,183.1,183.45
2014-04-29,185.5,187.9,182.7,184.4,184.65
2014-04-28,190.45,190.65,183.6,185.15,185.8
2014-04-25,194.2,194.6,187.3,189.2,189.2
2014-04-23,189.85,195.0,188.2,193.9,193.5
2014-04-22,194.25,195.25,187.7,189.7,188.85
2014-04-21,193.4,197.0,192.6,193.75,193.6
2014-04-17,182.5,194.4,180.05,192.1,191.75
2014-04-16,183.5,185.6,177.1,179.65,180.75
2014-04-15,185.45,187.2,181.75,183.65,183.9
2014-04-11,179.7,188.5,178.5,184.0,184.1
2014-04-10,180.85,184.4,179.2,179.8,180.6
2014-04-09,180.65,181.8,177.1,180.5,180.55
2014-04-07,181.55,184.2,179.25,179.85,180.35
2014-04-04,179.4,182.75,177.55,181.75,181.55
2014-04-03,172.0,180.9,172.0,178.8,178.45
2014-04-02,180.5,182.8,178.7,182.0,181.9
2014-04-01,175.0,179.9,169.0,179.8,178.9
2014-03-31,167.8,175.5,167.05,174.0,173.95
2014-03-28,168.7,169.4,165.7,166.2,166.4
2014-03-27,167.5,170.9,165.4,167.75,167.3
2014-03-26,157.2,167.7,156.2,165.6,165.5
2014-03-25,148.0,156.7,148.0,155.8,155.85
2014-03-24,148.2,150.6,145.05,147.25,147.5
2014-03-22,148.4,149.2,147.5,147.6,147.95
2014-03-21,150.0,150.9,147.35,148.1,148.1
2014-03-20,150.85,153.0,148.0,148.5,148.8
2014-03-19,149.3,151.95,148.55,151.15,151.3
2014-03-18,143.5,149.6,143.4,148.7,148.1
2014-03-14,143.6,144.25,139.5,142.55,142.9
2014-03-13,152.35,153.5,143.0,144.05,145.1
2014-03-12,152.1,154.35,149.8,152.0,151.95
2014-03-11,155.05,155.9,151.1,151.55,152.15
2014-03-10,152.3,157.2,151.9,155.2,155.05
2014-03-07,158.6,158.6,152.65,153.4,153.95
2014-03-06,156.0,159.25,154.65,157.35,157.35
2014-03-05,157.55,157.85,154.3,155.6,156.2
2014-03-04,155.95,157.75,153.9,157.2,156.95
2014-03-03,157.0,159.8,153.1,154.5,154.75
2014-02-28,155.9,158.5,153.8,155.6,156.0
2014-02-26,148.0,154.85,147.65,154.45,154.3
2014-02-25,147.35,149.5,146.7,147.3,147.5
2014-02-24,146.35,148.2,145.55,146.7,147.15
2014-02-21,145.75,148.9,145.3,147.45,147.7
2014-02-20,142.85,146.2,141.15,144.85,145.1
2014-02-19,145.3,145.95,142.1,143.75,143.6
2014-02-18,136.8,144.9,136.65,144.55,144.15
2014-02-17,137.9,138.7,135.05,136.9,137.1
2014-02-14,140.5,140.9,134.8,137.5,137.85
2014-02-13,145.15,146.25,139.25,139.5,140.1
2014-02-12,142.55,145.35,141.1,144.3,144.5
2014-02-11,147.2,147.45,140.6,142.1,141.6
2014-02-10,149.5,149.6,145.6,146.1,146.8
2014-02-07,148.0,150.1,146.7,147.75,148.15
2014-02-06,149.8,151.2,145.5,146.5,147.1
2014-02-05,148.0,150.85,147.15,149.25,149.1
2014-02-04,144.7,149.45,144.65,149.15,148.6
2014-02-03,149.55,153.7,145.7,146.1,147.65
2014-01-31,138.3,149.1,138.1,148.5,148.35
2014-01-30,138.7,140.75,136.0,137.2,137.35
2014-01-29,140.05,141.6,138.55,139.35,139.2
2014-01-28,140.1,142.7,136.5,139.5,138.8
2014-01-27,138.35,142.8,137.35,140.8,139.9
2014-01-24,146.0,146.6,140.6,141.5,141.05
2014-01-23,146.5,149.35,145.1,146.35,146.45
2014-01-22,147.0,148.5,145.35,146.85,147.4
2014-01-21,143.75,147.25,143.0,146.25,146.3
2014-01-20,139.3,143.7,137.8,143.0,142.75
2014-01-17,149.6,150.5,141.5,141.75,142.0
2014-01-16,152.15,152.65,149.2,149.6,149.7
2014-01-15,153.5,154.0,151.0,151.5,151.85
2014-01-14,153.7,155.3,151.95,152.9,153.1
2014-01-13,153.9,154.65,147.15,153.65,153.9
2014-01-10,152.0,153.8,148.65,151.15,150.7
2014-01-09,153.0,154.85,149.6,151.7,151.4
2014-01-08,154.65,156.5,151.85,153.05,153.15
2014-01-07,154.6,156.3,151.55,153.45,153.65
2014-01-06,145.85,154.15,144.6,153.55,152.8
2014-01-03,143.4,148.8,140.05,144.3,144.6
2014-01-02,139.0,150.0,138.3,143.5,144.45
2014-01-01,137.45,139.7,136.15,138.55,138.85
2013-12-31,133.0,137.5,132.9,137.25,136.75
2013-12-30,134.0,136.65,131.0,133.0,133.2
2013-12-27,136.65,136.65,133.0,133.4,133.65
2013-12-26,136.1,140.0,135.65,136.7,137.05
2013-12-24,135.15,137.9,134.1,135.5,135.6
2013-12-23,127.0,136.3,125.5,135.1,134.5
2013-12-20,123.75,127.85,122.5,126.85,126.75
2013-12-19,126.75,127.85,122.0,123.6,123.5
2013-12-18,125.5,128.3,124.5,126.8,126.5
2013-12-17,124.0,128.5,123.8,125.4,125.5
2013-12-16,119.15,125.0,119.0,124.0,123.6
2013-12-13,123.15,123.95,119.25,119.85,119.7
2013-12-12,122.95,124.8,121.45,123.85,123.7
2013-12-11,125.65,127.8,121.25,123.0,122.6
2013-12-10,125.2,127.9,124.3,126.65,126.5
2013-12-09,131.05,131.5,124.25,125.2,124.95
2013-12-06,127.5,130.45,126.65,128.0,127.8
2013-12-05,131.35,132.0,126.55,126.7,128.05
2013-12-04,131.8,132.5,128.5,129.55,128.95
2013-12-03,132.5,133.4,131.1,131.65,132.0
2013-12-02,128.0,132.75,125.75,131.65,131.9
2013-11-29,127.65,128.6,124.8,128.0,127.7
2013-11-28,125.4,129.7,124.4,126.55,126.55
2013-11-27,120.0,124.9,120.0,124.75,124.25
2013-11-26,122.5,123.0,119.7,120.3,120.3
2013-11-25,126.5,127.9,121.1,123.95,123.1
2013-11-22,126.7,128.05,123.7,125.8,125.6
2013-11-21,126.55,128.8,124.15,126.1,125.65
2013-11-20,127.7,130.4,126.1,128.0,127.7
2013-11-19,126.0,128.8,123.8,127.25,127.25
2013-11-18,120.45,126.5,120.45,125.75,125.85
2013-11-14,122.2,122.8,118.65,119.95,120.2
2013-11-13,113.35,121.95,112.7,121.5,121.1
2013-11-12,115.7,117.0,112.8,113.35,113.4
2013-11-11,114.9,118.25,112.5,115.25,114.7
2013-11-08,105.2,114.9,105.2,113.85,114.15
2013-11-07,107.9,108.9,104.4,105.45,105.7
2013-11-06,109.35,111.25,106.2,107.0,107.2
2013-11-05,107.85,111.7,106.5,110.2,109.9
2013-11-03,107.0,108.75,106.9,107.55,107.85
2013-11-01,106.5,108.45,105.5,107.0,106.8
2013-10-31,107.9,108.4,104.8,106.5,106.15
2013-10-30,108.0,110.15,106.1,107.0,107.55
2013-10-29,101.35,107.9,100.1,107.8,107.1
2013-10-28,101.8,102.75,99.85,101.0,100.95
2013-10-25,101.95,103.9,101.0,101.35,101.6
2013-10-24,103.0,105.7,100.0,101.5,101.65
2013-10-23,104.9,105.4,100.85,103.5,103.3
2013-10-22,102.95,105.4,102.7,104.35,104.0
2013-10-21,100.2,103.6,100.05,103.05,102.65
2013-10-18,99.75,101.75,99.6,100.8,100.2
2013-10-17,96.65,103.3,95.6,99.05,99.35
2013-10-15,98.4,98.5,94.0,96.0,96.65
2013-10-14,95.9,98.8,95.4,97.45,97.35
2013-10-11,96.1,99.5,95.45,95.75,95.95
2013-10-10,96.8,99.8,96.05,97.25,97.55
2013-10-09,96.7,97.8,95.6,96.15,96.3
2013-10-08,92.0,99.4,90.15,97.45,97.05
2013-10-07,89.4,92.5,89.4,91.4,91.6
2013-10-04,81.8,90.2,81.8,89.4,89.4
2013-10-03,80.2,82.85,80.2,82.3,82.0
2013-10-01,78.0,80.5,77.5,79.95,80.05
2013-09-30,80.1,80.45,77.45,78.4,77.85
2013-09-27,80.0,81.8,79.95,80.3,80.15
2013-09-26,80.75,80.85,79.5,80.0,80.0
2013-09-25,81.5,82.65,79.5,80.4,80.75
2013-09-24,81.95,83.05,81.1,81.6,81.6
2013-09-23,82.05,83.6,81.0,82.0,82.4
2013-09-20,84.2,84.95,81.15,82.55,82.5
2013-09-19,84.9,85.9,83.7,84.6,84.6
2013-09-18,84.9,85.0,83.1,84.15,84.35
2013-09-17,81.75,84.5,80.3,84.35,83.95
2013-09-16,84.95,85.0,81.2,81.75,81.95
2013-09-13,82.3,85.3,82.2,84.5,83.95
2013-09-12,84.0,84.45,82.15,83.3,82.75
2013-09-11,83.3,84.15,82.6,83.85,83.65
2013-09-10,81.1,83.85,81.1,83.2,83.15
2013-09-06,80.9,82.4,79.15,81.2,81.75
2013-09-05,81.0,81.5,79.25,80.0,80.0
2013-09-04,78.5,80.45,78.3,80.45,80.0
2013-09-03,80.0,81.65,78.15,78.4,78.65
2013-09-02,78.95,80.3,77.85,79.7,79.45
2013-08-30,78.2,80.4,76.5,78.2,78.65
2013-08-29,74.05,79.05,74.05,77.9,78.15
2013-08-28,72.0,75.7,70.6,75.1,75.05
2013-08-27,76.3,76.4,72.9,73.3,73.3
2013-08-26,77.5,78.85,74.3,75.8,76.55
2013-08-23,74.0,77.3,73.35,76.7,76.8
2013-08-22,71.0,73.75,70.1,73.5,73.35
2013-08-21,73.4,75.2,71.0,71.3,71.75
2013-08-20,70.1,72.95,69.35,72.1,72.35
2013-08-19,69.95,72.1,67.0,71.85,71.25
2013-08-16,71.95,73.2,69.5,70.5,70.25
2013-08-14,73.05,73.45,71.0,72.0,72.35
2013-08-13,70.75,73.0,69.1,72.0,72.2
2013-08-12,67.8,70.65,67.8,70.2,70.0
2013-08-08,66.4,68.75,64.9,67.8,67.65
2013-08-07,68.15,69.9,65.6,66.1,66.25
2013-08-06,73.45,73.45,68.75,69.75,69.75
2013-08-05,73.8,74.5,71.2,73.9,73.5
2013-08-02,73.1,73.95,70.6,73.7,72.95
2013-08-01,79.1,80.2,71.4,72.35,72.85
2013-07-31,76.45,79.2,74.6,78.8,78.8
2013-07-30,79.1,80.0,76.7,77.4,77.45
2013-07-29,78.55,81.05,78.05,79.0,78.8
2013-07-26,76.5,80.75,76.2,80.3,79.9
2013-07-25,74.45,77.65,72.7,76.4,76.0
2013-07-24,77.3,77.3,73.4,74.35,74.85
2013-07-23,73.9,78.4,73.5,76.9,77.15
2013-07-22,72.0,74.2,72.0,73.0,72.85
2013-07-19,74.05,74.5,71.4,71.75,71.85
2013-07-18,74.9,75.7,73.0,74.0,74.05
2013-07-17,74.75,76.75,74.4,75.9,75.7
2013-07-16,75.8,76.25,73.55,75.1,74.9
2013-07-15,74.0,77.45,73.05,76.7,76.6
2013-07-12,74.4,75.1,72.9,73.7,74.25
2013-07-11,73.65,75.2,73.3,73.8,74.1
2013-07-10,74.1,74.85,72.45,73.4,73.1
2013-07-09,71.7,73.55,70.1,73.4,72.75
2013-07-08,74.0,74.0,70.75,71.8,71.7
2013-07-05,74.9,75.7,73.05,74.4,74.05
2013-07-04,73.65,74.9,71.5,74.75,74.3
2013-07-03,78.25,78.25,73.15,74.25,74.1
2013-07-02,79.0,80.45,77.85,78.05,78.4
2013-07-01,79.25,79.9,78.2,79.4,79.45
2013-06-28,77.4,79.7,76.8,78.0,78.15
2013-06-27,75.6,78.1,74.95,76.4,76.5
2013-06-26,78.6,79.8,74.15,74.15,75.4
2013-06-25,77.5,81.8,75.65,78.3,78.75
2013-06-24,78.4,78.7,75.65,77.3,77.75
2013-06-21,81.2,81.2,77.35,78.4,78.4
2013-06-20,78.2,78.4,76.65,77.55,77.45
2013-06-19,79.25,80.2,78.5,78.95,78.95
2013-06-18,79.2,80.8,78.7,79.45,79.65
2013-06-17,80.15,80.6,77.45,79.8,79.95
2013-06-14,78.55,81.75,78.55,79.6,80.1
2013-06-13,79.1,79.5,77.4,78.55,78.05
2013-06-12,83.0,83.6,78.8,79.8,80.15
2013-06-11,85.05,85.7,82.6,83.45,83.5
2013-06-10,87.3,87.3,84.0,86.3,86.1
2013-06-07,87.4,88.0,85.3,85.5,85.6
2013-06-06,80.45,87.45,79.4,87.1,86.15
2013-06-05,82.25,82.65,80.4,80.95,80.75
2013-06-04,81.25,84.0,80.55,82.25,82.25
2013-06-03,81.25,82.8,80.45,82.5,82.35
2013-05-31,82.05,82.7,79.85,82.5,81.95
2013-05-30,78.1,82.6,78.1,82.0,81.95
2013-05-29,79.05,80.5,77.55,79.3,79.15
2013-05-28,78.1,80.1,78.0,79.45,79.35
2013-05-27,76.5,78.5,76.2,78.0,78.0
2013-05-24,76.55,77.1,75.15,76.3,76.1
2013-05-23,76.9,77.1,74.65,76.2,75.95
2013-05-22,78.0,78.35,76.35,77.5,77.1
2013-05-21,78.1,78.75,77.1,77.75,77.65
2013-05-20,81.5,82.95,78.25,78.6,78.85
2013-05-17,82.75,83.45,80.4,81.7,81.6
2013-05-16,81.65,84.8,81.0,82.75,82.85
2013-05-15,79.7,81.9,79.15,81.45,81.65
2013-05-14,79.55,80.75,78.1,79.5,78.8
2013-05-13,82.4,82.9,78.25,79.25,79.25
2013-05-11,82.75,83.2,82.3,83.2,82.85
2013-05-10,82.8,83.45,81.1,82.35,82.45
2013-05-09,80.55,83.9,80.55,82.8,82.9
2013-05-08,83.8,83.9,80.2,80.7,81.1
2013-05-07,80.0,83.4,80.0,83.3,83.0
2013-05-06,78.2,80.1,77.15,80.05,79.55
2013-05-03,78.8,80.5,77.1,78.65,78.9
2013-05-02,78.0,80.45,78.0,79.0,78.7
2013-04-30,79.1,80.6,76.75,79.0,78.65
2013-04-29,77.5,80.0,76.9,79.25,79.1
2013-04-26,78.5,79.25,76.35,77.0,76.9
2013-04-25,77.7,78.8,75.75,78.15,78.05
2013-04-23,82.6,83.6,76.5,77.0,77.55
2013-04-22,85.0,85.4,82.0,83.75,83.0
2013-04-18,83.15,85.7,83.15,84.55,84.8
2013-04-17,85.2,86.3,82.45,84.3,84.15
2013-04-16,81.5,85.7,81.3,85.45,84.6
2013-04-15,82.8,84.4,81.15,81.45,81.95
2013-04-12,82.6,83.45,81.7,82.9,82.75
2013-04-11,82.1,83.85,80.5,82.8,82.6
2013-04-10,78.35,82.9,77.4,82.5,81.75
2013-04-09,80.1,81.85,78.1,78.95,78.95
2013-04-08,78.0,80.25,77.5,79.8,79.7
2013-04-05,74.95,79.65,74.45,78.3,78.2
2013-04-04,77.0,77.45,74.15,74.8,74.75
2013-04-03,80.45,81.7,77.15,77.8,77.85
2013-04-02,80.0,80.9,79.1,80.8,80.45
2013-04-01,77.2,79.85,76.75,79.8,79.6
2013-03-28,73.5,78.0,72.1,77.2,77.35
2013-03-26,74.6,75.65,73.25,73.8,73.6
2013-03-25,75.9,77.1,74.15,75.8,75.7
2013-03-22,75.5,76.5,72.55,75.25,75.4
2013-03-21,78.8,79.1,75.95,76.3,76.3
2013-03-20,78.05,78.9,76.4,78.1,77.8
2013-03-19,79.8,79.95,76.8,78.7,78.35
2013-03-18,81.05,81.05,78.6,79.25,79.45
2013-03-15,82.4,83.75,80.5,80.7,80.9
2013-03-14,80.5,82.9,79.4,82.9,82.45
2013-03-13,82.55,83.7,79.8,80.65,80.5
2013-03-12,83.0,84.25,82.2,83.35,83.3
2013-03-11,83.0,84.95,81.95,82.4,82.4
2013-03-08,82.75,83.8,81.25,82.45,82.6
2013-03-07,83.7,84.15,81.15,82.15,82.75
2013-03-06,83.3,84.7,80.85,83.25,83.7
2013-03-05,75.7,83.3,75.2,82.25,82.3
2013-03-04,76.0,76.75,74.5,75.0,75.55
2013-03-01,76.0,77.5,75.2,75.65,76.05
2013-02-28,78.45,82.0,73.3,76.15,74.5
2013-02-27,77.3,79.0,76.15,77.75,78.25
2013-02-26,80.3,80.3,76.35,77.5,76.85
2013-02-25,85.25,85.5,78.15,80.4,80.35
2013-02-22,85.25,86.2,84.45,85.05,85.15
2013-02-21,87.5,87.5,84.3,85.2,85.45
2013-02-20,88.0,88.6,86.65,87.55,87.7
2013-02-19,87.5,87.9,85.65,87.7,87.6
2013-02-18,86.95,88.0,86.0,87.7,87.2
2013-02-15,85.05,87.4,83.05,86.9,86.9
2013-02-14,91.15,91.7,84.45,84.8,85.3
2013-02-13,91.9,93.9,90.5,91.2,91.15
2013-02-12,92.45,93.2,90.5,91.75,91.65
2013-02-11,89.7,92.5,88.9,92.4,91.85
2013-02-08,91.25,91.55,88.9,89.6,89.3
2013-02-07,91.65,92.65,88.9,89.4,89.45
2013-02-06,92.6,93.25,91.0,91.75,91.9
2013-02-05,92.4,93.0,90.65,92.35,92.5
2013-02-04,94.85,94.95,91.6,91.85,92.1
2013-02-01,94.0,95.75,93.55,94.5,94.15
2013-01-31,95.45,96.5,93.35,93.8,94.3
2013-01-30,92.95,96.2,89.6,95.05,95.15
2013-01-29,93.05,94.9,92.0,92.3,92.5
2013-01-28,92.2,94.7,87.35,93.75,93.0
2013-01-25,92.6,94.2,91.0,93.9,93.8
2013-01-24,95.55,95.75,91.05,92.5,92.15
2013-01-23,97.8,97.9,94.35,96.15,95.55
2013-01-22,97.95,98.9,95.9,96.65,96.5
2013-01-21,97.05,98.8,96.3,98.0,97.9
2013-01-18,99.0,101.5,96.05,96.6,96.4
2013-01-17,100.0,100.75,97.3,98.5,98.4
2013-01-16,104.75,107.6,99.2,99.4,99.85
2013-01-15,102.5,105.25,102.0,103.7,103.85
2013-01-14,103.0,104.0,100.75,102.8,102.8
2013-01-11,102.9,105.2,102.5,102.7,102.85
2013-01-10,104.35,104.75,102.45,103.25,103.45
2013-01-09,104.25,105.8,103.3,103.9,103.8
2013-01-08,105.0,105.85,102.85,104.3,104.25
2013-01-07,104.95,106.8,104.0,105.0,105.4
2013-01-04,104.15,106.1,104.0,105.0,105.3
2013-01-03,105.5,106.0,103.35,104.15,104.5
2013-01-02,103.0,105.95,102.55,105.5,105.25
2013-01-01,101.6,102.7,100.7,102.0,101.65
2012-12-31,100.95,101.8,99.65,99.8,100.05
2012-12-28,101.4,101.4,99.1,101.0,100.95
2012-12-27,99.0,103.45,98.3,100.65,101.4
2012-12-26,92.95,100.3,92.95,99.75,99.95
2012-12-24,93.5,94.2,91.75,93.0,92.1
2012-12-21,95.75,95.8,92.7,93.0,93.3
2012-12-20,95.95,97.7,95.5,95.75,96.1
2012-12-19,96.5,97.95,95.5,96.25,96.15
2012-12-18,93.4,96.6,91.85,96.3,96.3
2012-12-17,91.0,93.5,90.85,93.0,93.15
2012-12-14,89.45,91.6,88.6,91.0,91.2
2012-12-13,94.7,94.7,89.0,89.05,89.35
2012-12-12,89.7,93.75,89.7,92.85,93.1
2012-12-11,90.5,91.65,88.25,89.75,89.95
2012-12-10,93.0,93.0,89.2,90.25,90.05
2012-12-07,94.05,94.4,91.75,92.1,92.6
2012-12-06,92.85,94.1,91.85,93.4,93.3
2012-12-05,91.25,93.55,90.1,93.05,92.85
2012-12-04,92.0,92.6,89.7,90.65,91.15
2012-12-03,90.45,92.6,89.55,92.15,91.7
2012-11-30,90.4,90.9,88.2,89.85,90.0
2012-11-29,86.8,90.2,86.8,89.55,89.75
2012-11-27,86.35,87.45,84.95,86.75,86.9
2012-11-26,82.85,84.95,82.0,84.85,84.65
2012-11-23,83.25,83.9,82.35,82.85,82.85
2012-11-22,84.05,84.8,82.4,83.3,83.2
2012-11-21,82.9,84.45,80.8,83.75,83.95
2012-11-20,85.05,85.85,82.2,82.7,82.75
2012-11-19,85.55,86.7,83.5,85.0,84.85
2012-11-16,86.4,88.45,84.8,85.05,85.5
2012-11-15,85.55,87.45,85.2,86.4,86.7
2012-11-13,86.5,87.65,86.1,86.2,86.5
2012-11-12,83.5,87.0,81.85,86.95,86.5
2012-11-09,84.2,84.85,82.8,83.5,83.45
2012-11-08,82.5,84.75,82.0,84.6,84.35
2012-11-07,83.0,84.35,82.7,83.5,83.55
2012-11-06,82.35,83.9,81.75,83.4,83.15
2012-11-05,84.35,84.85,81.8,82.1,82.35
2012-11-02,83.5,85.3,83.5,83.95,84.35
2012-11-01,81.65,83.8,80.65,83.2,83.4
2012-10-31,82.25,82.6,79.8,81.35,81.55
2012-10-30,83.15,84.0,81.2,82.15,82.15
2012-10-29,81.5,84.15,81.5,83.4,83.15
2012-10-26,81.6,83.4,81.0,81.75,81.5
2012-10-25,78.0,82.8,76.8,82.4,81.55
2012-10-23,79.25,80.25,76.7,78.0,78.0
2012-10-22,79.05,79.25,77.3,78.5,78.5
2012-10-19,77.5,79.85,77.1,78.8,79.1
2012-10-18,76.0,77.9,75.7,77.45,77.15
2012-10-17,73.95,76.7,73.95,76.25,75.85
2012-10-16,76.0,76.7,73.0,74.3,73.85
2012-10-15,76.5,76.95,74.5,75.7,75.75
2012-10-12,77.9,78.7,76.0,76.75,76.65
2012-10-11,76.75,78.5,75.35,77.75,77.8
2012-10-10,77.5,78.35,75.4,76.6,76.7
2012-10-09,77.5,78.8,77.3,77.85,77.75
2012-10-08,78.0,78.8,76.75,77.15,77.25
2012-10-05,80.5,81.4,76.7,78.2,78.4
2012-10-04,81.9,82.7,80.2,80.4,80.5
2012-10-03,82.2,82.95,80.65,81.4,81.55
2012-10-01,80.0,83.4,79.85,82.6,82.2
2012-09-28,79.65,82.0,79.25,80.15,79.9
2012-09-27,78.45,80.2,77.1,79.1,78.65
2012-09-26,79.25,80.3,78.05,78.55,78.4
2012-09-25,74.45,79.65,73.8,79.5,79.0
2012-09-24,75.0,77.05,73.8,74.2,74.45
2012-09-21,71.95,75.7,71.95,74.5,75.1
2012-09-20,72.4,72.4,70.7,72.0,71.65
2012-09-18,74.55,74.75,72.3,72.6,72.85
2012-09-17,72.0,74.75,71.55,74.25,74.1
2012-09-14,71.0,72.35,70.0,70.7,71.0
2012-09-13,67.5,70.5,66.6,70.1,70.25
2012-09-12,68.2,68.9,66.85,67.7,67.35
2012-09-11,67.0,68.65,66.75,68.25,68.1
2012-09-10,67.25,67.7,66.3,66.75,66.95
2012-09-08,67.0,67.5,66.3,67.2,67.15
2012-09-07,66.25,67.5,66.0,66.75,66.8
2012-09-06,66.5,67.0,64.8,66.2,66.1
2012-09-05,64.8,66.8,64.05,66.5,66.45
2012-09-04,63.65,65.4,62.3,65.0,64.8
2012-09-03,74.15,74.15,62.8,63.6,63.4
2012-08-31,62.0,64.8,61.35,62.85,62.45
2012-08-30,60.45,65.95,58.9,65.05,64.95
2012-08-29,63.35,63.55,60.1,60.4,60.45
2012-08-28,65.95,66.0,61.45,63.15,63.3
2012-08-27,67.5,68.1,65.0,65.85,65.85
2012-08-24,68.6,68.85,67.35,67.95,67.75
2012-08-23,69.1,69.75,68.0,68.95,68.6
2012-08-22,69.95,70.3,68.85,69.05,68.95
2012-08-21,69.95,71.25,69.35,70.0,69.95
2012-08-17,71.6,72.2,69.15,69.85,69.85
2012-08-16,72.0,72.75,71.0,71.4,71.5
2012-08-14,69.35,71.8,69.25,71.55,71.35
2012-08-13,69.0,69.75,68.35,69.5,69.4
2012-08-10,68.7,69.7,68.2,68.55,68.9
2012-08-09,70.7,71.35,68.4,69.25,69.1
2012-08-08,71.65,72.15,70.15,70.65,70.65
2012-08-07,72.4,72.4,70.3,71.5,71.35
2012-08-06,72.05,73.15,71.2,71.5,71.6
2012-08-03,70.55,72.75,70.15,71.8,71.85
2012-08-02,72.0,72.3,70.35,71.3,71.2
2012-08-01,71.95,72.75,71.0,72.55,72.25
2012-07-31,71.55,72.4,69.8,71.65,71.75
2012-07-30,69.6,71.45,68.25,71.15,71.05
2012-07-27,70.75,71.85,68.15,69.4,69.25
2012-07-26,70.45,72.95,67.0,71.45,69.95
2012-07-25,72.2,72.85,70.2,71.75,71.7
2012-07-24,71.0,73.05,71.0,72.5,72.15
2012-07-23,73.6,73.6,71.55,72.15,72.3
2012-07-20,73.9,74.75,72.7,74.0,73.6
2012-07-19,74.95,75.6,73.4,73.95,73.9
2012-07-18,73.8,74.6,72.1,74.55,74.3
2012-07-17,76.0,81.0,73.3,73.4,73.65
2012-07-16,75.5,76.7,74.75,76.0,75.9
2012-07-13,76.0,77.4,74.55,75.3,74.95
2012-07-12,76.0,76.4,74.6,75.4,75.35
2012-07-11,77.85,79.0,76.2,76.65,76.65
2012-07-10,76.75,78.6,76.5,78.1,78.2
2012-07-09,77.5,77.95,75.75,76.5,76.6
2012-07-06,80.6,80.75,78.5,78.75,79.0
2012-07-05,79.95,81.8,79.8,80.5,80.6
2012-07-04,76.25,80.4,76.25,80.2,79.4
2012-07-03,76.5,77.5,75.65,76.5,76.5
2012-07-02,74.4,77.9,74.4,76.35,76.2
2012-06-29,72.7,74.3,72.7,74.1,73.95
2012-06-28,72.0,73.5,71.5,72.35,72.55
2012-06-27,71.5,72.7,71.25,72.05,72.05
2012-06-26,71.1,72.55,71.1,72.0,71.75
2012-06-25,71.75,73.2,70.3,71.2,70.9
2012-06-22,70.75,72.3,69.8,71.6,71.45
2012-06-21,70.7,71.95,69.8,71.1,70.9
2012-06-20,68.65,71.75,68.0,71.05,70.75
2012-06-19,69.9,71.1,68.3,68.9,68.65
2012-06-18,74.5,75.2,70.1,71.0,70.7
2012-06-15,75.3,75.85,73.3,74.15,73.95
2012-06-14,76.0,77.15,74.5,74.7,75.0
2012-06-13,75.5,77.2,75.1,76.0,76.3
2012-06-12,73.05,76.6,73.05,76.25,76.2
2012-06-11,76.05,77.8,74.65,74.95,75.25
2012-06-08,75.1,76.2,74.05,75.75,75.75
2012-06-07,75.3,75.75,73.7,74.9,75.1
2012-06-06,71.75,74.95,71.75,74.5,74.45
2012-06-05,73.6,73.8,70.5,71.9,71.6
2012-06-04,70.75,74.2,70.3,73.0,72.75
2012-06-01,77.7,78.0,71.3,71.7,71.7
2012-05-31,77.3,78.75,76.8,77.45,77.5
2012-05-30,78.0,79.25,76.85,78.15,78.4
2012-05-29,77.55,78.15,76.1,77.5,77.45
2012-05-28,76.15,77.6,75.95,76.8,77.05
2012-05-25,75.65,76.8,74.4,76.15,76.05
2012-05-24,74.75,75.95,73.1,75.5,75.55
2012-05-23,75.95,75.95,74.15,74.5,74.6
2012-05-22,75.0,76.3,74.2,75.85,75.5
2012-05-21,71.0,74.65,70.05,74.6,74.05
2012-05-18,70.5,71.4,68.25,70.85,70.9
2012-05-17,73.5,74.9,69.8,71.1,70.6
2012-05-16,74.2,74.5,72.1,72.95,73.0
2012-05-15,73.5,75.25,72.55,74.75,74.85
2012-05-14,77.0,77.85,73.25,73.3,73.95
2012-05-11,77.8,78.55,74.35,77.25,76.65
2012-05-10,77.0,79.9,75.85,77.8,78.05
2012-05-09,88.95,90.7,75.85,77.9,77.2
2012-05-08,89.95,92.9,88.4,88.7,89.05
2012-05-07,84.2,89.8,83.15,89.5,89.15
2012-05-04,89.4,90.1,85.1,85.25,85.85
2012-05-03,85.5,90.4,83.15,89.7,89.85
2012-05-02,87.5,88.0,85.2,85.25,85.8
2012-04-30,86.0,87.65,85.5,86.9,86.9
2012-04-28,82.9,85.5,82.9,85.45,85.0
2012-04-27,82.1,83.75,81.15,82.8,82.6
2012-04-26,81.95,82.9,80.8,81.7,81.35
2012-04-25,83.45,83.45,80.5,81.55,81.65
2012-04-24,82.5,83.5,81.25,83.4,83.05
2012-04-23,81.95,84.85,81.7,81.7,82.1
2012-04-20,83.45,83.6,81.05,81.85,81.95
2012-04-19,83.35,84.4,82.3,83.7,83.6
2012-04-18,84.8,85.3,82.5,82.7,83.15
2012-04-17,83.45,84.1,81.55,83.5,83.6
2012-04-16,80.2,83.4,80.2,83.3,82.95
2012-04-13,84.6,85.9,80.75,81.35,81.25
2012-04-12,82.1,84.65,82.1,83.7,84.1
2012-04-11,82.35,83.9,81.5,82.2,82.1
2012-04-10,81.5,83.8,80.15,83.0,82.95
2012-04-09,83.0,83.4,80.3,81.05,81.1
2012-04-04,83.75,84.0,82.05,83.7,83.25
2012-04-03,83.55,85.35,83.25,83.7,83.75
2012-04-02,83.0,84.75,82.1,83.15,82.9
2012-03-30,80.0,82.9,80.0,82.2,82.4
2012-03-29,78.4,80.25,77.1,79.7,79.85
2012-03-28,82.5,83.35,78.15,78.85,79.25
2012-03-27,82.9,83.7,80.9,82.9,82.8
2012-03-26,85.0,85.0,81.0,81.9,81.7
2012-03-23,83.4,85.9,82.4,84.6,84.5
2012-03-22,89.45,90.8,81.5,82.0,82.75
2012-03-21,84.55,89.0,83.8,88.75,88.6
2012-03-20,82.5,84.9,82.5,84.75,84.4
2012-03-19,83.6,85.1,81.7,82.55,82.15
2012-03-16,85.0,86.9,81.25,82.85,82.95
2012-03-15,85.8,88.5,84.75,85.5,85.65
2012-03-14,90.4,91.05,85.3,85.7,86.0
2012-03-13,85.8,89.9,85.1,89.9,88.9
2012-03-12,83.9,87.6,83.9,84.75,84.75
2012-03-09,85.4,86.95,84.95,85.55,85.55
2012-03-07,82.15,85.5,80.5,83.85,84.05
2012-03-06,85.55,88.4,81.7,81.95,82.75
2012-03-05,86.0,91.0,85.0,86.0,86.5
2012-03-03,88.6,88.6,86.8,87.15,87.05
2012-03-02,87.9,89.65,85.9,88.5,88.6
2012-03-01,86.5,88.35,84.1,87.35,87.6
2012-02-29,85.0,88.9,83.5,86.3,86.4
2012-02-28,81.5,85.7,81.0,85.3,85.25
2012-02-27,78.55,81.7,76.4,79.55,80.5
2012-02-24,85.0,86.3,77.2,79.3,79.3
2012-02-23,88.0,88.35,82.8,85.2,84.65
2012-02-22,97.05,98.95,86.5,87.8,87.8
2012-02-21,100.0,100.6,96.35,97.2,97.3
2012-02-17,101.5,102.95,98.4,98.8,99.15
2012-02-16,99.7,103.35,99.7,100.9,101.15
2012-02-15,102.0,103.25,98.15,99.9,99.9
2012-02-14,102.75,104.85,100.65,101.0,101.45
2012-02-13,102.3,107.25,99.2,102.75,103.1
2012-02-10,97.1,103.0,95.25,102.35,101.9
2012-02-09,91.0,97.2,89.1,96.75,96.6
2012-02-08,89.6,92.9,89.1,91.9,91.65
2012-02-07,93.0,94.3,89.1,89.6,89.75
2012-02-06,96.7,96.95,91.65,92.65,92.7
2012-02-03,91.9,96.75,90.5,95.4,95.95
2012-02-02,95.85,96.2,91.25,92.25,91.9
2012-02-01,96.5,97.75,93.75,94.95,95.1
2012-01-31,92.1,96.95,92.1,96.65,96.5
2012-01-30,94.5,96.45,91.4,91.95,91.9
2012-01-27,89.0,94.85,88.1,94.6,93.75
2012-01-25,89.8,89.8,87.25,87.7,87.8
2012-01-24,88.3,90.4,86.5,88.2,88.55
2012-01-23,90.0,90.3,87.1,88.0,88.15
2012-01-20,91.5,91.9,88.2,89.5,89.85
2012-01-19,88.5,91.9,87.7,90.8,90.95
2012-01-18,89.4,90.9,86.55,87.2,88.65
2012-01-17,88.25,89.7,80.0,89.1,89.05
2012-01-16,86.4,89.65,85.6,88.75,88.7
2012-01-13,81.5,87.75,81.0,87.0,86.45
2012-01-12,83.0,83.4,79.6,81.4,81.15
2012-01-11,79.5,83.95,79.15,83.0,82.4
2012-01-10,75.9,78.9,75.15,78.9,78.3
2012-01-09,75.25,76.9,73.55,75.75,76.2
2012-01-07,74.85,75.5,74.0,75.25,75.25
2012-01-06,70.8,74.85,68.6,74.7,74.0
2012-01-05,69.7,71.45,69.4,70.5,70.4
2012-01-04,69.5,71.25,68.55,69.9,69.7
2012-01-03,65.5,69.55,65.5,69.3,69.15
2012-01-02,67.0,67.55,63.6,65.0,64.9
2011-12-30,67.4,68.9,66.0,66.4,66.75
2011-12-29,66.8,69.2,65.15,67.15,66.8
2011-12-28,69.5,69.6,66.05,66.3,67.25
2011-12-27,73.0,73.6,69.05,69.6,69.75
2011-12-26,71.6,73.5,70.75,73.4,72.95
2011-12-23,74.0,74.85,70.5,71.95,71.3
2011-12-22,72.0,74.65,70.8,74.5,73.5
2011-12-21,71.0,73.5,70.15,73.4,72.85
2011-12-20,70.3,72.7,68.25,71.0,70.3
2011-12-19,68.05,71.25,66.15,70.65,70.3
2011-12-16,77.0,78.3,67.5,67.6,69.05
2011-12-15,78.0,78.0,74.5,76.95,76.75
2011-12-14,80.0,82.65,78.25,78.75,78.9
2011-12-13,80.0,81.2,77.85,80.3,79.8
2011-12-12,82.0,84.3,80.15,80.55,80.55
2011-12-09,83.05,84.25,81.5,82.45,82.5
2011-12-08,90.2,90.7,84.15,84.75,84.8
2011-12-07,86.6,91.15,86.3,89.65,90.05
2011-12-05,84.0,86.7,84.0,85.05,85.6
2011-12-02,83.4,85.25,82.1,85.0,84.85
2011-12-01,85.0,86.9,82.75,83.6,83.55
2011-11-30,83.8,84.8,80.25,83.15,83.1
2011-11-29,87.35,88.0,83.55,84.7,84.45
2011-11-28,88.0,89.1,85.25,87.25,86.85
2011-11-25,87.0,90.75,85.55,86.55,86.4
2011-11-24,83.95,88.2,81.05,87.75,87.15
2011-11-23,85.8,85.95,82.55,83.45,83.15
2011-11-22,89.2,90.85,85.3,86.3,86.4
2011-11-21,89.8,93.4,87.85,88.8,89.2
2011-11-18,85.0,91.45,84.65,90.8,90.2
2011-11-17,88.65,88.7,84.25,86.0,85.1
2011-11-16,89.0,90.4,83.6,90.4,88.45
2011-11-15,96.5,97.95,88.6,89.0,89.2
2011-11-14,103.0,103.5,96.5,96.75,96.9
2011-11-11,101.0,103.65,100.0,102.4,102.4
2011-11-09,108.0,108.4,101.15,101.65,101.65
2011-11-08,107.1,109.0,107.0,107.85,107.65
2011-11-04,107.6,108.45,106.55,106.55,107.0
2011-11-03,106.5,107.8,105.55,106.3,106.7
2011-11-02,105.85,109.4,104.75,106.5,106.7
2011-11-01,109.0,111.15,105.65,106.65,106.95
2011-10-31,107.7,111.15,107.5,109.6,109.75
2011-10-28,109.35,109.9,106.7,107.9,107.45
2011-10-26,109.5,109.55,107.3,107.3,107.65
2011-10-25,106.9,108.95,104.4,108.4,108.6
2011-10-24,106.6,108.6,105.1,105.55,105.75
2011-10-21,108.0,109.4,106.1,106.35,106.6
2011-10-20,108.0,109.2,105.5,107.5,107.8
2011-10-19,105.9,109.65,105.7,108.8,108.9
2011-10-18,104.0,106.95,102.65,105.2,105.2
2011-10-17,107.5,108.3,104.1,105.35,104.7
2011-10-14,100.25,106.95,99.35,106.7,106.4
2011-10-13,100.0,101.7,98.85,99.45,99.6
2011-10-12,99.0,100.8,97.15,100.4,100.1
2011-10-11,99.0,100.5,98.15,99.05,98.95
2011-10-10,97.0,98.7,94.7,98.4,97.9
2011-10-07,96.35,97.6,95.2,96.55,96.4
2011-10-05,99.1,100.5,94.05,94.6,94.4
2011-10-04,99.8,102.7,97.6,99.0,98.8
2011-10-03,98.5,100.5,97.2,99.6,99.65
2011-09-30,97.0,100.25,96.35,98.55,98.45
2011-09-29,98.1,98.9,96.3,96.8,97.05
2011-09-28,99.3,101.95,96.75,99.25,98.9
2011-09-27,98.5,101.65,98.5,99.3,99.35
2011-09-26,94.65,98.7,90.5,98.25,97.8
2011-09-23,94.6,97.0,91.75,94.0,93.85
2011-09-22,97.4,100.4,94.3,95.4,95.3
2011-09-21,93.3,99.8,92.35,98.2,98.15
2011-09-20,91.4,93.9,91.4,93.2,93.2
2011-09-19,91.85,93.25,90.7,91.25,91.4
2011-09-16,94.3,94.7,91.85,92.3,92.45
2011-09-15,91.1,94.4,91.1,93.75,93.85
2011-09-14,90.5,93.25,89.1,92.5,92.15
2011-09-13,94.1,95.5,89.9,89.95,90.45
2011-09-12,91.9,96.4,89.65,93.05,93.5
2011-09-09,85.6,93.9,85.55,91.8,92.2
2011-09-08,83.2,85.95,82.6,85.7,85.25
2011-09-07,83.3,84.35,82.0,82.5,82.7
2011-09-06,83.7,84.95,80.1,82.95,82.85
2011-09-05,80.85,84.5,79.3,84.4,84.0
2011-09-02,79.15,81.95,77.5,81.9,81.15
2011-08-30,77.25,79.0,76.75,78.7,78.55
2011-08-29,72.05,76.5,72.05,76.1,76.3
2011-08-26,76.0,77.15,71.0,71.8,71.7
2011-08-25,75.0,76.75,73.2,75.9,76.3
2011-08-24,74.2,76.2,73.0,74.15,74.5
2011-08-23,71.1,73.9,70.55,73.65,73.65
2011-08-22,68.0,71.1,66.4,71.0,70.55
2011-08-19,63.1,69.8,61.75,68.5,67.75
2011-08-18,72.4,72.85,64.5,64.7,65.4
2011-08-17,72.45,74.45,70.0,71.8,72.2
2011-08-16,78.6,78.6,72.1,72.3,72.8
2011-08-12,78.9,79.2,76.55,77.5,77.1
2011-08-11,75.75,79.3,75.25,77.4,77.6
2011-08-10,75.9,77.9,75.3,75.8,76.15
2011-08-09,70.0,78.9,70.0,74.65,74.25
2011-08-08,75.3,78.1,74.0,76.1,75.55
2011-08-05,81.15,81.15,74.55,79.55,79.05
2011-08-04,84.25,85.55,82.0,82.8,83.0
2011-08-03,84.0,84.85,82.2,84.05,84.05
2011-08-02,88.7,88.85,83.65,85.3,85.35
2011-08-01,87.95,90.5,87.8,88.8,88.95
2011-07-29,90.8,91.95,87.05,87.1,87.6
2011-07-28,86.8,93.7,83.25,90.7,90.4
2011-07-27,86.0,87.8,85.2,87.7,87.25
2011-07-26,87.2,88.05,84.85,85.65,85.55
2011-07-25,86.1,88.4,86.1,86.85,86.9
2011-07-22,86.4,88.85,86.1,87.1,87.4
2011-07-21,87.45,87.95,85.6,85.95,86.0
2011-07-20,85.6,89.1,84.9,87.15,86.8
2011-07-19,85.35,85.9,84.5,84.65,84.85
2011-07-18,85.35,86.5,84.5,85.45,85.35
2011-07-15,85.5,87.0,84.05,85.0,84.95
2011-07-14,85.6,86.5,84.0,85.6,85.3
2011-07-13,82.2,86.15,81.7,85.3,85.75
2011-07-12,80.8,82.7,80.1,81.35,81.3
2011-07-11,80.5,81.7,80.0,80.45,80.5
2011-07-08,83.1,83.2,79.55,80.1,80.0
2011-07-07,82.2,83.5,81.7,82.85,82.8
2011-07-06,81.6,82.9,81.0,81.95,81.9
2011-07-05,82.9,83.1,80.4,81.1,81.25
2011-07-04,83.0,84.15,82.25,82.65,82.75
2011-07-01,78.5,82.65,78.0,82.5,82.1
2011-06-30,78.2,79.1,77.1,77.45,78.0
2011-06-29,79.7,80.3,77.3,78.1,77.85
2011-06-28,76.8,79.55,76.6,79.15,79.05
2011-06-27,75.7,76.65,75.0,75.95,76.1
2011-06-24,74.05,77.15,74.05,75.7,76.0
2011-06-23,76.15,76.15,72.1,73.25,73.7
2011-06-22,78.0,79.15,75.5,75.85,75.95
2011-06-21,77.75,80.45,75.75,77.4,77.25
2011-06-20,82.45,82.65,72.65,76.7,77.0
2011-06-17,85.0,85.7,81.8,82.0,82.15
2011-06-16,82.85,85.7,82.2,84.95,84.8
2011-06-15,82.5,84.45,82.4,83.5,83.45
2011-06-14,83.2,83.85,82.1,82.15,82.4
2011-06-13,81.6,83.3,80.65,82.65,82.85
2011-06-10,83.35,84.3,80.85,81.95,81.95
2011-06-09,83.0,84.65,82.0,83.1,83.35
2011-06-08,83.2,89.15,80.2,82.75,82.55
2011-06-07,86.5,87.8,84.7,86.65,86.65
2011-06-06,83.4,87.85,83.2,86.5,87.15
2011-06-03,83.0,85.45,83.0,84.0,83.7
2011-06-02,83.9,84.9,82.7,83.45,83.3
2011-06-01,82.0,88.25,81.2,85.45,85.5
2011-05-31,79.8,82.15,79.25,81.75,81.5
2011-05-30,80.95,81.7,78.6,79.85,79.6
2011-05-27,78.0,81.2,77.55,80.4,80.7
2011-05-26,78.7,80.2,76.2,77.55,77.3
2011-05-25,81.7,83.2,77.6,78.25,78.15
2011-05-24,75.8,80.5,74.55,80.5,80.0
2011-05-23,72.95,76.45,72.0,75.15,75.75
2011-05-20,72.1,74.7,71.3,72.8,73.15
2011-05-19,71.6,72.15,70.75,71.2,70.95
2011-05-18,72.6,72.8,70.8,71.0,71.2
2011-05-17,74.0,74.9,71.35,72.4,72.25
2011-05-16,73.5,75.3,73.0,74.0,73.85
2011-05-13,68.05,75.7,67.65,74.25,74.0
2011-05-12,73.2,73.35,70.6,70.8,70.85
2011-05-11,70.8,73.75,70.7,73.5,73.4
2011-05-10,70.9,72.2,70.2,70.45,70.55
2011-05-09,71.75,72.3,70.35,70.9,70.95
2011-05-06,72.4,73.5,69.95,71.0,71.35
2011-05-05,74.2,74.9,71.7,72.3,72.15
2011-05-04,72.25,74.4,71.2,74.25,73.95
2011-05-03,74.45,75.95,70.1,72.2,72.15
2011-05-02,74.0,75.2,73.6,74.5,74.5
2011-04-29,76.45,78.15,72.85,73.8,73.6
2011-04-28,77.3,78.4,75.75,76.5,76.35
2011-04-27,78.6,79.7,76.6,76.85,77.05
2011-04-26,76.5,78.75,74.6,78.15,78.2
2011-04-25,77.7,79.1,75.5,76.45,76.25
2011-04-21,74.4,78.65,73.4,77.85,78.2
2011-04-20,73.6,74.95,73.05,73.3,73.7
2011-04-19,73.95,74.7,72.2,73.55,73.35
2011-04-18,75.0,76.85,73.7,74.2,74.25
2011-04-15,68.8,75.5,68.55,74.8,74.8
2011-04-13,67.3,70.15,67.3,68.65,68.65
2011-04-11,67.0,69.45,66.6,68.15,68.6
2011-04-08,71.2,71.8,66.2,67.55,67.5
2011-04-07,72.5,73.4,70.55,71.3,71.2
2011-04-06,70.0,72.85,68.3,71.9,72.15
2011-04-05,67.2,71.4,66.6,70.25,70.25
2011-04-04,68.1,68.4,66.65,66.75,67.05
2011-04-01,70.25,70.25,66.8,67.4,67.75
2011-03-31,66.0,69.9,65.1,69.7,69.2
2011-03-30,57.4,67.1,57.25,66.05,65.7
2011-03-29,56.75,57.65,56.25,57.1,57.25
2011-03-28,57.2,57.7,55.8,55.85,56.25
2011-03-25,55.8,57.9,55.6,56.6,56.95
2011-03-24,54.6,55.5,54.1,55.4,55.2
2011-03-23,54.8,55.15,53.75,54.0,54.25
2011-03-22,52.65,55.2,52.25,54.75,54.75
2011-03-21,52.65,53.4,51.65,52.25,52.05
2011-03-18,54.2,55.2,51.25,51.7,52.1
2011-03-17,54.5,55.25,53.55,53.7,53.75
2011-03-16,54.7,56.5,54.55,54.7,54.85
2011-03-15,55.5,55.5,53.3,54.45,54.15
2011-03-14,56.1,57.7,55.5,57.55,56.9
2011-03-11,54.3,56.8,54.3,55.2,55.35
2011-03-10,56.3,57.85,55.85,56.75,56.85
2011-03-09,54.8,59.5,54.7,56.75,56.55
2011-03-08,54.3,55.35,53.9,54.6,54.4
2011-03-07,54.35,55.0,53.4,54.15,54.25
2011-03-04,57.7,57.85,55.15,55.3,55.6
2011-03-03,57.7,58.3,55.55,57.0,57.4
2011-03-01,55.2,58.15,54.95,58.0,57.95
2011-02-28,54.85,56.4,52.55,55.4,55.05
2011-02-25,55.1,55.85,52.0,54.5,54.15
2011-02-24,56.2,57.15,54.1,55.1,54.75
2011-02-23,57.75,58.75,56.4,56.8,56.7
2011-02-22,57.85,58.6,56.5,57.5,57.4
2011-02-21,57.7,58.0,55.0,57.75,57.65
2011-02-18,60.85,61.4,57.3,58.5,57.95
2011-02-17,58.95,61.4,58.15,60.5,60.45
2011-02-16,57.9,59.65,57.35,59.15,58.85
2011-02-15,60.0,60.0,56.8,57.95,57.95
2011-02-14,57.2,60.2,57.2,59.25,59.6
2011-02-11,53.0,58.0,52.7,57.65,57.15
2011-02-10,53.0,53.9,51.1,52.7,52.7
2011-02-09,54.8,56.1,51.35,53.25,52.7
2011-02-08,60.5,61.35,54.9,55.6,55.35
2011-02-07,61.85,62.35,60.5,61.2,60.95
2011-02-04,63.55,64.7,60.5,61.6,61.4
2011-02-03,61.0,63.3,60.8,63.05,63.0
2011-02-02,62.4,62.85,60.7,61.1,61.25
2011-02-01,64.75,64.8,61.05,61.15,61.55
2011-01-31,63.95,64.65,62.55,64.3,64.25
2011-01-28,65.0,66.2,62.5,65.4,64.9
2011-01-27,64.0,67.4,64.0,65.35,65.05
2011-01-25,67.2,67.9,63.5,64.35,63.9
2011-01-24,63.0,67.7,62.75,67.15,66.85
2011-01-21,59.1,63.65,59.0,62.7,62.75
2011-01-20,53.2,59.95,53.2,59.95,59.55
2011-01-19,60.0,61.65,59.3,59.55,59.5
2011-01-18,60.2,61.75,59.25,60.4,59.95
2011-01-17,62.8,63.2,59.1,59.55,59.6
2011-01-14,63.5,65.0,61.85,62.2,62.3
2011-01-13,66.0,67.5,63.05,63.3,63.6
2011-01-12,65.55,66.2,62.6,65.8,65.9
2011-01-11,63.5,66.15,62.4,65.2,64.4
2011-01-10,66.9,67.25,62.65,63.2,63.2
2011-01-07,70.25,70.25,65.65,65.7,66.5
2011-01-06,70.15,71.3,69.3,70.25,70.3
2011-01-05,72.75,72.9,69.1,69.55,69.65
2011-01-04,73.05,74.2,71.4,72.45,72.4
2011-01-03,72.4,74.85,71.7,72.6,72.65
2010-12-31,66.9,73.85,66.5,71.05,71.25
2010-12-30,65.8,68.1,65.05,66.75,66.95
2010-12-29,64.8,66.3,64.25,65.45,65.65
2010-12-28,63.95,65.2,63.5,65.1,64.8
2010-12-27,64.95,65.8,63.25,63.75,63.65
2010-12-24,65.85,66.15,64.3,64.75,64.7
2010-12-23,63.0,67.75,62.5,65.15,65.9
2010-12-22,64.35,64.75,62.2,63.3,63.3
2010-12-21,63.5,65.15,63.2,64.25,64.1
2010-12-20,64.0,64.8,62.25,63.45,63.15
2010-12-16,57.0,65.2,56.55,64.3,64.0
2010-12-15,54.5,57.2,54.1,57.0,56.5
2010-12-14,50.0,54.5,49.0,54.45,54.15
2010-12-13,49.8,50.8,48.8,49.7,49.7
2010-12-10,46.5,49.85,46.3,48.5,48.8
2010-12-09,52.4,52.5,47.0,47.4,47.35
2010-12-08,53.95,54.45,51.5,51.8,52.05
2010-12-07,55.3,55.5,53.15,54.8,54.7
2010-12-06,55.1,56.45,54.35,55.65,55.15
2010-12-03,57.4,57.45,54.1,55.1,55.0
2010-12-02,56.65,57.6,55.8,57.15,57.05
2010-12-01,54.35,56.65,54.0,56.45,56.25
2010-11-30,52.0,54.3,51.35,54.15,53.95
2010-11-29,50.55,53.6,49.1,52.1,52.6
2010-11-26,52.1,53.4,48.2,50.05,50.1
2010-11-25,54.95,55.0,52.55,53.3,52.8
2010-11-24,55.85,57.0,54.0,54.35,54.3
2010-11-23,57.4,57.4,53.15,55.4,55.55
2010-11-22,55.25,58.3,55.25,57.75,57.75
2010-11-19,57.6,57.9,53.4,54.6,54.55
2010-11-18,57.1,58.05,54.9,57.7,57.55
2010-11-16,60.9,60.9,56.0,56.8,56.5
2010-11-15,62.1,62.2,58.5,60.3,60.1
2010-11-12,66.8,66.9,61.6,61.8,61.9
2010-11-11,67.0,68.7,65.0,66.25,66.1
2010-11-10,64.35,66.9,63.95,66.5,66.2
2010-11-09,63.45,64.7,62.8,64.2,64.15
2010-11-08,61.1,63.5,59.25,63.35,62.95
2010-11-05,61.0,61.5,60.15,60.95,60.95
2010-11-04,60.5,60.9,59.5,60.45,60.4
2010-11-03,60.0,61.0,59.2,60.5,59.85
2010-11-02,57.55,59.8,57.55,59.1,58.9
2010-11-01,58.5,59.2,57.35,58.85,58.45
2010-10-29,60.0,60.9,56.6,57.65,57.8
2010-10-28,59.35,62.6,58.2,59.6,59.15
2010-10-27,56.2,59.4,55.5,59.1,59.15
2010-10-26,57.0,57.45,55.2,55.85,55.65
2010-10-25,54.7,58.1,54.1,57.05,57.1
2010-10-22,54.15,55.45,53.6,54.45,54.3
2010-10-21,55.0,55.3,53.55,53.85,53.8
2010-10-20,56.4,56.4,54.05,54.4,54.4
2010-10-19,52.4,56.7,51.7,55.45,56.05
2010-10-18,51.0,52.6,50.5,51.9,51.95
2010-10-15,50.0,53.4,49.8,51.2,51.05
2010-10-14,51.85,52.2,49.2,49.85,49.65
2010-10-13,44.95,53.5,44.6,51.3,51.45
2010-10-12,46.0,46.0,44.35,44.7,44.55
2010-10-11,45.0,46.0,45.0,45.6,45.5
2010-10-08,45.8,46.65,44.75,45.15,45.1
2010-10-07,47.15,47.4,45.25,45.8,45.6
2010-10-06,46.8,47.9,46.3,46.75,46.9
2010-10-05,45.1,46.9,44.9,46.75,46.55
2010-10-04,45.5,46.2,44.7,45.35,45.2
2010-10-01,45.6,46.35,45.0,45.7,45.4
2010-09-30,44.7,45.7,43.9,45.35,45.45
2010-09-29,44.15,45.7,43.4,44.7,44.65
2010-09-28,42.75,44.6,42.55,44.3,44.05
2010-09-27,43.4,44.7,41.9,42.45,42.45
2010-09-24,43.5,43.5,42.7,42.75,43.0
2010-09-23,42.9,43.7,41.9,43.25,43.25
2010-09-22,43.3,43.8,41.75,42.6,42.65
2010-09-21,44.8,44.8,43.2,43.5,43.5
2010-09-20,45.3,45.6,44.15,44.3,44.35
2010-09-17,45.4,45.85,44.9,45.1,45.25
2010-09-16,46.5,46.5,44.9,45.75,45.3
2010-09-15,45.55,47.25,45.3,46.05,46.35
2010-09-14,45.8,46.1,45.1,45.4,45.4
2010-09-13,44.8,45.75,44.1,45.7,45.25
2010-09-09,44.55,45.35,43.95,44.25,44.15
2010-09-08,45.0,45.35,44.15,44.6,44.5
2010-09-07,45.0,46.3,45.0,45.3,45.15
2010-09-06,43.2,45.35,42.7,44.95,44.65
2010-09-03,41.7,43.4,41.35,42.85,43.0
2010-09-02,41.8,42.3,41.3,41.5,41.55
2010-09-01,41.5,42.0,41.0,41.4,41.65
2010-08-31,40.1,42.1,40.1,41.2,41.25
2010-08-30,42.0,42.65,40.1,41.0,40.8
2010-08-27,43.75,44.15,41.1,41.4,41.45
2010-08-26,41.25,44.6,41.1,43.85,43.65
2010-08-25,42.65,42.85,40.85,40.85,41.15
2010-08-24,43.35,43.4,42.05,42.8,42.75
2010-08-23,43.4,44.3,42.6,43.05,43.1
2010-08-20,41.95,43.95,41.65,43.0,43.0
2010-08-19,43.7,43.95,41.95,42.4,42.4
2010-08-18,43.3,44.6,43.25,43.7,43.65
2010-08-17,40.9,43.65,40.75,43.5,43.15
2010-08-16,40.3,41.4,39.85,40.45,40.3
2010-08-13,39.1,41.6,38.9,40.15,40.1
2010-08-12,39.6,39.65,38.7,38.8,38.9
2010-08-11,39.0,41.7,38.5,39.9,39.85
2010-08-10,39.45,40.9,39.0,39.25,39.35
2010-08-09,37.2,39.4,37.0,39.1,38.75
2010-08-06,37.25,37.7,36.8,36.95,37.0
2010-08-05,37.4,38.05,36.6,37.05,37.1
2010-08-04,35.0,37.3,34.35,37.0,37.0
2010-08-03,35.05,35.4,34.55,34.9,34.8
2010-08-02,35.0,35.2,34.25,34.85,34.65
2010-07-30,34.55,35.6,34.5,34.7,34.65
2010-07-29,34.35,34.75,33.7,33.9,33.9
2010-07-28,34.25,34.5,34.05,34.3,34.15
2010-07-27,34.25,34.4,34.0,34.05,34.15
2010-07-26,34.75,34.95,34.0,34.0,34.1
2010-07-23,35.2,35.4,34.6,34.75,34.75
2010-07-22,34.8,35.3,34.5,34.9,35.0
2010-07-21,34.9,35.7,34.55,35.0,35.0
2010-07-20,35.3,35.35,34.55,34.55,34.7
2010-07-19,35.5,35.75,34.8,35.05,35.05
2010-07-16,35.6,36.25,35.35,35.85,35.8
2010-07-15,34.4,35.75,33.8,35.55,35.5
2010-07-14,34.5,34.6,34.05,34.1,34.15
2010-07-13,34.2,35.15,33.3,34.15,34.1
2010-07-12,34.2,34.45,33.8,33.95,33.95
2010-07-09,34.0,34.6,33.8,33.9,33.95
2010-07-08,34.55,35.0,33.9,34.0,34.1
2010-07-07,34.9,34.95,33.9,33.95,34.1
2010-07-06,34.6,35.25,34.6,34.85,34.85
2010-07-05,35.75,35.75,34.55,34.75,34.75
2010-07-02,36.1,36.2,35.2,35.2,35.5
2010-07-01,36.0,36.5,35.45,36.0,35.95
2010-06-30,35.35,35.7,35.0,35.4,35.35
2010-06-29,36.0,36.8,35.1,35.5,35.45
2010-06-28,34.1,36.4,33.9,35.7,35.5
2010-06-25,33.7,34.35,33.25,33.65,33.55
2010-06-24,34.1,34.6,33.55,33.75,33.7
2010-06-23,34.0,34.55,33.7,34.2,34.25
2010-06-22,32.3,34.25,32.0,34.05,33.9
2010-06-21,31.8,33.5,31.65,32.5,32.3
2010-06-18,31.75,32.45,31.35,31.4,31.55
2010-06-17,31.6,32.4,31.6,31.95,31.95
2010-06-16,31.6,32.0,31.45,31.5,31.6
2010-06-15,31.5,32.25,31.35,31.55,31.5
2010-06-14,31.0,32.1,30.55,31.8,31.7
2010-06-11,30.8,31.25,30.55,30.55,30.65
2010-06-10,30.45,30.8,30.25,30.5,30.45
2010-06-09,30.5,31.2,30.0,30.15,30.1
2010-06-08,30.75,31.2,30.15,30.35,30.35
2010-06-07,30.9,30.95,30.45,30.6,30.6
2010-06-04,31.35,31.85,31.2,31.3,31.45
2010-06-03,31.4,31.8,31.25,31.45,31.3
2010-06-02,30.95,31.35,30.3,31.3,31.2
2010-06-01,31.9,32.4,30.6,30.8,30.8
2010-05-31,31.9,32.95,31.55,32.0,31.85
2010-05-28,31.4,31.7,31.05,31.2,31.35
2010-05-27,30.7,31.7,30.55,30.9,31.0
2010-05-26,31.25,36.65,30.4,30.65,30.7
2010-05-25,31.75,31.85,30.2,30.45,30.55
2010-05-24,32.0,32.95,31.75,31.75,31.9
2010-05-21,31.95,31.95,31.1,31.35,31.6
2010-05-20,33.2,33.5,32.05,32.2,32.15
2010-05-19,32.6,34.0,32.25,32.7,32.75
2010-05-18,32.8,33.5,32.3,32.6,32.6
2010-05-17,32.25,32.95,32.2,32.95,32.8
2010-05-14,33.1,33.8,32.9,32.9,33.05
2010-05-13,33.5,33.7,33.0,33.05,33.1
2010-05-12,33.75,33.85,33.0,33.15,33.15
2010-05-11,34.4,34.4,33.45,33.5,33.6
2010-05-10,33.65,34.1,33.2,33.9,33.95
2010-05-07,34.0,34.0,32.9,33.0,33.0
2010-05-06,34.8,35.0,33.75,34.0,34.15
2010-05-05,34.5,35.0,33.5,35.0,34.75
2010-05-04,35.95,36.4,34.55,34.9,34.75
2010-05-03,36.6,37.2,35.15,35.6,35.4
2010-04-30,36.5,37.25,36.25,36.4,36.3
2010-04-29,35.5,36.45,35.5,36.4,36.25
2010-04-28,36.0,37.7,35.1,35.5,35.45
2010-04-27,36.5,37.55,36.3,37.35,37.15
2010-04-26,35.9,37.0,35.45,36.75,36.65
2010-04-23,36.1,36.6,35.1,35.25,35.25
2010-04-22,36.35,37.15,35.6,35.85,35.95
2010-04-21,33.8,36.3,33.8,36.0,35.95
2010-04-20,33.1,34.15,33.1,33.75,33.65
2010-04-19,33.75,33.75,32.95,33.15,33.2
2010-04-16,34.1,34.75,33.65,33.8,33.75
2010-04-15,35.05,35.1,34.1,34.3,34.25
2010-04-13,34.0,35.1,33.55,34.55,34.55
2010-04-12,34.75,35.6,33.9,34.05,34.15
2010-04-09,34.9,35.75,34.8,34.85,34.9
2010-04-08,35.3,36.0,34.6,34.7,34.8
2010-04-07,35.0,36.15,34.4,35.35,35.4
2010-04-06,34.75,35.45,34.4,34.8,34.75
2010-04-05,34.35,35.0,34.2,34.4,34.5
2010-04-01,33.9,34.4,33.9,34.1,34.1
2010-03-31,33.7,34.15,33.5,33.75,33.75
2010-03-30,32.6,33.95,32.4,33.9,33.7
2010-03-29,33.1,33.15,32.4,32.55,32.55
2010-03-26,33.0,33.5,32.8,32.9,32.95
2010-03-25,33.25,33.6,32.7,32.85,32.95
2010-03-23,34.8,35.25,32.6,33.2,33.15
2010-03-22,35.0,35.8,34.3,34.35,34.55
2010-03-19,34.9,36.4,34.8,35.3,35.65
2010-03-18,33.8,36.45,33.3,34.7,34.65
2010-03-17,33.9,34.4,33.6,33.75,33.7
2010-03-16,33.3,34.0,33.2,33.7,33.75
2010-03-15,33.9,33.95,33.1,33.2,33.2
2010-03-12,35.2,35.2,33.65,33.8,33.8
2010-03-11,34.8,35.05,34.15,34.25,34.25
2010-03-10,35.1,35.35,34.35,34.55,34.5
2010-03-09,35.0,35.65,34.8,34.8,34.9
2010-03-08,36.0,36.4,34.85,35.0,35.0
2010-03-05,35.9,36.7,35.5,35.55,35.7
2010-03-04,35.65,36.2,35.0,35.5,35.45
2010-03-03,34.55,35.85,34.55,35.4,35.6
2010-03-02,34.4,34.8,34.4,34.7,34.7
2010-02-26,35.1,36.4,34.05,34.2,34.35
2010-02-25,34.35,35.25,34.2,35.15,34.95
2010-02-24,34.05,34.55,34.05,34.25,34.2
2010-02-23,34.25,35.15,33.7,34.2,34.25
2010-02-22,35.6,36.5,34.6,34.65,34.8
2010-02-19,36.0,36.3,35.25,35.4,35.45
2010-02-18,36.6,37.2,36.05,36.35,36.35
2010-02-17,37.25,37.25,36.15,36.35,36.4
2010-02-16,35.9,37.2,35.4,37.1,36.85
2010-02-15,36.4,36.7,35.65,35.65,35.8
2010-02-11,35.65,36.75,35.5,36.35,36.3
2010-02-10,35.7,36.5,35.2,35.25,35.35
2010-02-09,35.9,35.95,35.3,35.6,35.55
2010-02-08,35.8,36.15,34.95,35.7,35.65
2010-02-06,35.0,36.0,34.9,35.8,35.65
2010-02-05,35.0,35.25,34.3,34.8,34.85
2010-02-04,37.0,37.5,35.8,36.05,36.05
2010-02-03,37.2,38.0,37.15,37.2,37.25
2010-02-02,38.1,38.45,36.85,37.05,37.05
2010-02-01,38.0,38.45,37.15,37.8,37.75
2010-01-29,36.5,39.0,35.75,37.9,37.7
2010-01-28,37.2,38.25,36.65,37.05,37.0
2010-01-27,39.75,40.45,36.3,36.6,36.95
2010-01-25,40.8,41.1,39.8,39.95,40.15
2010-01-22,39.5,41.4,37.9,41.15,41.1
2010-01-21,40.25,41.8,39.35,40.0,39.95
2010-01-20,40.4,41.4,40.0,40.0,40.25
2010-01-19,40.3,41.9,39.9,40.2,40.4
2010-01-18,40.5,41.2,40.0,40.05,40.1
2010-01-15,41.3,41.45,40.5,40.65,40.95
2010-01-14,40.9,42.1,40.35,41.25,40.9
2010-01-13,40.0,40.95,39.5,40.85,40.7
2010-01-12,42.65,42.75,39.6,39.95,40.05
2010-01-11,41.95,43.0,41.5,42.45,42.4
2010-01-08,42.8,43.7,41.3,41.6,41.85
2010-01-07,39.35,42.75,38.75,42.25,42.45
2010-01-06,39.6,40.0,38.9,38.9,39.05
2010-01-05,40.15,40.6,39.4,39.55,39.6
2010-01-04,39.5,40.1,39.0,39.9,39.8
2009-12-31,39.55,39.9,38.95,39.05,39.05
2009-12-30,39.0,40.2,38.8,39.3,39.45
2009-12-29,39.45,39.7,38.6,38.9,39.0
2009-12-24,38.75,39.8,38.2,38.85,39.05
2009-12-23,38.0,38.85,37.75,38.5,38.45
2009-12-22,38.25,38.75,37.6,37.9,37.85
2009-12-21,38.75,39.6,37.65,37.9,37.95
2009-12-18,38.0,39.2,37.55,38.35,38.45
2009-12-17,36.15,38.15,36.15,37.9,37.8
2009-12-16,36.25,36.75,35.3,36.6,36.25
2009-12-15,37.65,37.8,35.7,35.75,36.15
2009-12-14,37.8,38.5,37.25,37.65,37.7
2009-12-11,38.45,38.9,37.2,37.8,37.8
2009-12-10,37.5,37.8,37.0,37.25,37.15
2009-12-09,36.45,37.65,35.8,37.2,37.2
2009-12-08,35.95,36.9,35.25,36.75,36.6
2009-12-07,36.1,36.75,35.5,35.6,35.65
2009-12-04,36.0,36.75,35.4,36.0,35.95
2009-12-03,37.5,38.05,35.6,35.65,35.8
2009-12-02,36.0,38.35,35.3,37.5,37.3
2009-12-01,34.6,35.95,34.45,35.8,35.7
2009-11-30,33.5,34.35,33.45,34.1,34.0
2009-11-27,34.0,34.0,31.7,33.25,33.35
2009-11-26,35.2,35.2,33.95,34.4,34.15
2009-11-25,35.8,36.2,34.9,35.05,35.05
2009-11-24,35.95,36.7,35.55,35.6,35.7
2009-11-23,35.0,36.2,35.0,35.75,35.7
2009-11-20,35.5,35.7,34.55,35.5,35.45
2009-11-19,37.4,37.55,35.0,35.55,35.45
2009-11-18,37.1,38.2,36.75,37.2,37.35
2009-11-17,36.15,37.6,35.9,37.4,37.3
2009-11-16,36.3,36.7,35.5,36.0,36.1
2009-11-13,35.15,36.5,34.6,36.1,36.05
2009-11-12,35.25,35.7,34.6,34.95,34.9
2009-11-11,35.0,36.0,34.55,35.25,35.45
2009-11-10,36.6,36.7,34.3,35.05,34.85
2009-11-09,34.85,36.5,34.1,36.3,36.1
2009-11-06,34.25,34.95,33.9,34.4,34.35
2009-11-05,30.5,34.05,30.5,34.0,33.8
2009-11-04,32.5,34.0,32.1,33.85,33.7
2009-11-03,34.1,35.0,31.5,32.0,32.05
2009-10-30,34.0,35.4,33.3,33.85,34.05
2009-10-29,32.0,34.3,31.5,33.8,33.55
2009-10-28,35.0,35.7,33.0,33.45,33.3
2009-10-27,36.7,36.9,35.5,35.7,35.7
2009-10-26,38.0,38.0,36.7,36.9,36.95
2009-10-23,37.25,38.1,36.95,38.05,37.7
2009-10-22,39.0,39.25,36.3,36.85,36.75
2009-10-21,39.7,40.2,38.6,39.1,39.0
2009-10-20,40.2,40.9,39.05,39.75,39.7
2009-10-17,40.2,40.2,39.5,39.8,39.85
2009-10-16,39.55,40.5,38.65,39.55,39.8
2009-10-15,37.4,39.65,37.1,39.6,39.2
2009-10-14,37.25,37.3,36.0,37.25,37.05
2009-10-12,35.5,37.2,35.5,36.6,36.6
2009-10-09,38.25,38.5,36.0,36.1,36.3
2009-10-08,42.0,42.0,37.6,37.9,37.9
2009-10-07,39.1,39.6,38.2,38.3,38.5
2009-10-06,40.8,40.9,37.75,38.55,38.65
2009-10-05,38.7,41.4,38.5,40.4,40.15
2009-10-01,39.95,40.25,38.8,39.0,39.05
2009-09-30,39.5,41.3,37.8,39.9,39.95
2009-09-29,38.45,40.9,38.2,39.6,39.75
2009-09-25,37.95,38.85,37.4,37.75,37.8
2009-09-24,36.7,38.9,36.0,38.65,38.2
2009-09-23,38.5,39.0,36.75,37.1,37.15
2009-09-22,39.2,39.7,38.5,38.95,38.8
2009-09-18,39.0,40.45,38.45,38.85,38.7
2009-09-17,37.25,40.2,36.6,38.85,39.2
2009-09-16,35.55,37.45,35.05,36.95,37.1
2009-09-15,35.35,35.9,34.9,35.1,35.15
2009-09-14,35.5,35.65,34.25,35.15,35.0
2009-09-11,31.7,36.35,31.7,35.7,35.9
2009-09-10,33.55,35.15,33.3,34.55,34.05
2009-09-09,34.25,34.25,33.0,33.25,33.25
2009-09-08,34.7,35.4,33.5,34.2,34.05
2009-09-07,34.35,35.15,33.85,34.0,34.15
2009-09-04,34.15,35.35,33.1,34.1,34.05
2009-09-03,31.6,34.75,31.6,34.55,34.15
2009-09-02,31.5,32.05,30.85,31.3,31.25
2009-09-01,33.5,33.7,31.1,31.7,31.65
2009-08-31,32.8,34.0,32.5,33.3,33.3
2009-08-28,32.65,34.3,32.65,33.35,33.4
2009-08-27,32.15,34.3,31.9,32.5,32.4
2009-08-26,29.05,32.25,29.05,32.2,31.9
2009-08-25,27.05,29.2,27.05,29.15,29.0
2009-08-24,26.95,27.7,26.95,27.4,27.35
2009-08-21,26.9,27.05,26.5,26.6,26.65
2009-08-20,26.9,27.3,26.5,26.85,26.9
2009-08-19,27.25,27.55,26.5,26.5,26.55
2009-08-18,26.35,27.15,26.35,26.8,26.9
2009-08-17,27.45,27.6,26.05,26.25,26.35
2009-08-14,27.75,28.5,27.5,27.6,27.65
2009-08-13,27.05,27.8,26.9,27.65,27.6
2009-08-12,26.8,26.9,26.05,26.45,26.6
2009-08-11,27.45,27.7,26.7,27.05,27.0
2009-08-10,28.3,28.8,26.7,26.8,27.05
2009-08-07,28.0,29.75,27.4,27.45,27.8
2009-08-06,27.9,30.1,27.2,28.25,28.1
2009-08-05,27.55,27.95,27.2,27.55,27.65
2009-08-04,28.05,28.5,27.25,27.55,27.55
2009-08-03,27.8,28.3,27.3,28.05,28.05
2009-07-31,27.6,28.5,27.15,27.65,27.8
2009-07-30,26.6,27.7,26.3,27.4,27.35
2009-07-29,27.7,28.1,25.6,26.6,26.65
2009-07-28,27.5,28.6,26.95,27.75,27.7
2009-07-27,27.35,28.3,26.55,27.75,27.85
2009-07-24,25.8,27.45,25.5,27.05,27.0
2009-07-23,25.4,25.75,25.05,25.6,25.6
2009-07-22,25.4,25.8,24.6,24.9,24.85
2009-07-21,25.4,25.8,24.55,24.95,25.1
2009-07-20,25.0,25.4,24.8,25.05,25.05
2009-07-17,24.2,25.1,23.8,24.65,24.7
2009-07-16,24.7,25.15,23.7,24.0,23.95
2009-07-15,23.0,24.55,22.55,24.3,24.25
2009-07-14,21.9,22.8,21.75,22.6,22.5
2009-07-13,22.05,23.0,21.05,21.2,21.35
2009-07-10,24.4,24.45,22.6,22.7,23.1
2009-07-09,24.65,25.0,23.9,24.1,24.1
2009-07-08,24.0,25.85,23.55,24.2,24.4
2009-07-07,26.1,26.5,24.6,24.8,25.05
2009-07-06,29.1,30.2,25.45,25.7,25.9
2009-07-03,26.3,29.35,26.3,29.1,28.9
2009-07-02,27.2,27.5,26.35,26.8,27.0
2009-07-01,26.7,27.2,25.6,27.0,26.75
2009-06-30,28.1,28.35,25.75,26.35,26.1
2009-06-29,27.5,28.55,27.5,27.8,27.8
2009-06-26,27.1,27.7,26.75,27.35,27.35
2009-06-25,27.45,29.3,26.05,26.4,26.4
2009-06-24,28.45,28.75,27.15,27.45,27.5
2009-06-23,26.3,28.5,25.8,28.15,28.15
2009-06-22,28.45,28.9,26.0,26.3,26.85
2009-06-19,28.2,28.7,26.6,28.25,28.05
2009-06-18,29.2,30.0,26.8,27.55,27.65
2009-06-17,32.7,32.85,29.05,29.55,29.6
2009-06-16,29.3,32.2,28.1,31.65,31.7
2009-06-15,29.7,30.9,29.4,30.0,29.75
2009-06-12,32.45,32.7,29.7,29.8,30.3
2009-06-11,32.0,32.75,30.15,31.85,32.1
2009-06-10,32.0,33.3,31.1,31.5,31.55
2009-06-09,29.1,32.25,28.0,31.3,31.65
2009-06-08,34.65,35.0,29.5,29.6,30.25
2009-06-05,35.3,35.95,33.5,33.7,34.05
2009-06-04,34.25,35.75,33.35,34.9,35.0
2009-06-03,32.6,35.35,32.15,34.3,34.85
2009-06-02,33.6,33.6,30.5,32.0,32.25
2009-06-01,34.2,34.9,32.6,32.8,33.2
2009-05-29,32.5,35.45,31.55,33.75,34.2
2009-05-28,32.5,32.8,30.3,32.3,32.1
2009-05-27,27.45,32.6,27.0,32.25,31.8
2009-05-26,28.5,28.75,25.55,26.7,26.45
2009-05-25,27.0,28.35,25.8,28.0,27.95
2009-05-22,24.5,26.95,24.1,26.8,26.25
2009-05-21,23.5,25.75,23.0,25.0,24.45
2009-05-20,19.5,23.75,19.0,23.45,23.3
2009-05-19,21.1,22.0,19.0,19.6,19.6
2009-05-18,20.25,21.45,19.65,21.0,20.95
2009-05-15,18.45,18.9,18.2,18.4,18.35
2009-05-14,18.2,18.7,17.7,18.25,18.15
2009-05-13,18.8,19.15,18.2,18.3,18.45
2009-05-12,18.5,18.9,18.25,18.55,18.7
2009-05-11,18.65,19.15,18.3,18.4,18.5
2009-05-08,18.75,19.4,18.25,18.4,18.45
2009-05-07,18.6,18.9,18.25,18.7,18.75
2009-05-06,18.3,19.15,18.2,18.3,18.3
2009-05-05,19.15,19.2,18.2,18.3,18.3
2009-05-04,19.15,19.85,18.95,19.05,19.15
2009-04-29,17.85,19.0,17.25,18.7,18.9
2009-04-28,20.4,22.0,17.1,17.35,17.4
2009-04-27,18.5,18.9,18.0,18.5,18.65
2009-04-24,18.2,19.1,17.6,18.55,18.6
2009-04-23,17.0,19.4,16.2,18.3,18.05
2009-04-22,19.85,20.0,17.5,17.8,17.7
2009-04-21,20.0,21.0,19.25,20.1,19.65
2009-04-20,22.7,25.0,20.25,20.5,20.45
2009-04-17,21.0,22.4,20.2,21.3,20.95
2009-04-16,17.65,20.9,16.45,20.1,20.2
2009-04-15,16.8,17.8,16.55,17.45,17.3
2009-04-13,16.2,17.3,15.65,16.9,16.85
2009-04-09,16.1,16.45,15.3,15.5,15.55
2009-04-08,14.9,16.2,14.55,16.0,16.05
2009-04-06,14.5,15.5,14.1,15.15,15.1
2009-04-02,14.4,14.7,14.05,14.15,14.15
2009-04-01,13.55,14.2,13.4,14.1,14.0
2009-03-31,13.3,13.7,13.15,13.4,13.4
2009-03-30,13.5,14.2,13.0,13.15,13.25
2009-03-27,13.35,14.0,13.1,13.8,13.75
2009-03-26,13.0,13.35,12.7,13.15,13.1
2009-03-25,12.4,12.7,12.35,12.7,12.6
2009-03-24,12.9,13.0,12.3,12.35,12.45
2009-03-23,12.3,12.8,12.3,12.75,12.7
2009-03-20,12.3,12.4,12.05,12.05,12.2
2009-03-19,12.75,12.95,12.2,12.4,12.4
2009-03-18,12.3,13.9,12.0,12.05,12.1
2009-03-17,12.0,12.45,11.85,11.85,11.9
2009-03-16,12.0,12.15,11.55,12.05,12.05
2009-03-13,11.6,11.9,11.35,11.85,11.8
2009-03-12,11.5,11.75,11.0,11.15,11.15
2009-03-09,11.4,11.45,11.0,11.15,11.15
2009-03-06,11.25,11.85,10.35,11.3,11.25
2009-03-05,13.0,13.0,11.0,11.75,11.6
2009-03-04,13.25,13.25,12.65,12.7,12.75
2009-03-03,13.8,13.8,12.65,12.75,12.75
2009-03-02,13.75,13.8,13.0,13.15,13.1
2009-02-27,14.1,14.4,13.75,13.8,13.85
2009-02-26,14.6,14.9,13.65,13.95,13.8
2009-02-25,14.0,14.85,13.9,14.55,14.45
2009-02-24,13.75,13.95,13.25,13.9,13.85
2009-02-20,14.05,14.25,14.0,14.0,14.0
2009-02-19,14.55,14.65,14.2,14.35,14.25
2009-02-18,14.6,14.85,14.2,14.4,14.4
2009-02-17,15.45,15.45,14.5,14.65,14.65
2009-02-16,16.45,16.85,15.05,15.2,15.2
2009-02-13,16.3,16.75,15.8,16.2,16.15
2009-02-12,15.55,16.65,15.4,15.9,15.95
2009-02-11,15.35,15.65,15.1,15.55,15.45
2009-02-10,15.7,16.1,15.3,15.45,15.6
2009-02-09,15.7,16.2,15.4,15.75,15.7
2009-02-06,15.3,15.85,15.2,15.35,15.35
2009-02-05,15.55,15.95,14.9,14.9,15.0
2009-02-04,15.3,16.5,14.8,14.9,15.15
2009-02-03,14.5,15.6,14.25,15.0,15.05
2009-02-02,14.0,15.2,13.95,14.4,14.35
2009-01-30,13.45,14.3,13.45,14.15,14.1
2009-01-29,14.4,14.6,13.45,13.8,13.9
2009-01-28,14.0,14.45,13.8,14.3,14.3
2009-01-27,14.05,14.1,13.7,14.1,13.95
2009-01-23,14.0,14.15,13.45,13.6,13.6
2009-01-22,14.25,14.5,13.85,14.0,14.0
2009-01-21,14.15,14.6,14.0,14.2,14.15
2009-01-20,14.5,14.6,14.25,14.4,14.45
2009-01-19,14.8,14.9,14.25,14.6,14.6
2009-01-16,14.15,14.7,14.05,14.25,14.3
2009-01-15,14.0,14.55,13.6,14.45,14.2
2009-01-14,14.3,14.75,14.3,14.7,14.6
2009-01-13,14.25,14.95,14.0,14.05,14.15
2009-01-12,14.6,15.1,14.25,14.5,14.6
2009-01-09,14.5,15.4,13.85,14.75,14.6
2009-01-07,17.15,17.75,14.55,14.65,14.75
2009-01-06,20.45,20.45,17.0,17.5,17.35
2009-01-05,18.45,18.7,17.25,17.45,17.4
2009-01-02,18.2,18.85,17.75,18.5,18.15
2009-01-01,18.1,18.1,17.6,18.0,17.95
2008-12-31,17.5,17.85,16.85,17.7,17.6
2008-12-30,16.2,17.45,16.2,17.15,17.3
2008-12-29,15.95,16.25,15.45,16.15,16.1
2008-12-26,17.2,17.45,15.75,15.95,15.9
2008-12-24,15.25,17.35,15.05,17.2,16.85
2008-12-23,16.2,16.5,15.7,15.8,15.85
2008-12-22,16.75,17.4,16.25,16.45,16.4
2008-12-19,16.3,17.05,16.15,16.8,16.75
2008-12-18,16.0,16.7,15.2,16.35,16.4
2008-12-17,18.0,18.3,15.6,15.85,15.9
2008-12-16,17.2,18.15,17.1,17.85,17.7
2008-12-15,17.1,17.75,16.85,17.1,17.1
2008-12-12,15.4,17.6,15.1,17.0,17.0
2008-12-11,15.75,16.45,15.25,16.15,15.75
2008-12-10,15.4,15.6,15.05,15.6,15.4
2008-12-08,15.5,16.3,14.9,15.1,15.05
2008-12-05,15.0,15.4,14.55,15.0,14.9
2008-12-04,13.8,15.0,13.7,14.65,14.75
2008-12-03,13.5,14.0,13.5,14.0,13.85
2008-12-02,13.25,13.6,12.9,13.45,13.45
2008-12-01,14.0,14.45,13.4,13.7,13.6
2008-11-28,13.6,14.15,13.05,13.3,13.25
2008-11-26,14.15,14.15,13.5,13.75,13.75
2008-11-25,14.5,14.5,13.65,13.65,13.85
2008-11-24,14.4,14.65,13.7,13.75,13.9
2008-11-21,13.15,14.25,13.1,14.2,14.0
2008-11-20,13.5,13.85,12.85,13.8,13.55
2008-11-19,14.6,14.95,13.65,13.95,14.0
2008-11-18,15.45,15.45,14.25,14.45,14.35
2008-11-17,17.0,17.0,15.05,15.75,15.75
2008-11-14,17.9,18.25,16.6,16.85,16.8
2008-11-12,17.5,18.25,16.75,17.1,17.35
2008-11-11,19.5,20.0,17.25,17.4,17.65
2008-11-10,16.95,19.8,16.6,19.75,19.3
2008-11-07,15.2,16.7,15.1,16.7,16.3
2008-11-06,15.1,15.85,14.3,15.3,15.3
2008-11-05,17.5,17.85,15.25,15.4,15.55
2008-11-04,15.3,17.05,14.85,17.0,16.95
2008-11-03,15.2,15.4,14.6,15.35,15.3
2008-10-31,14.0,14.7,13.95,14.3,14.2
2008-10-29,15.9,15.9,13.05,13.95,13.55
2008-10-28,15.0,15.4,14.25,15.2,15.05
2008-10-27,14.65,15.0,12.95,14.3,14.15
2008-10-24,16.0,16.0,14.35,15.1,14.65
2008-10-23,16.0,16.8,15.7,16.15,16.1
2008-10-22,17.3,17.3,16.45,16.5,16.6
2008-10-21,17.4,17.65,16.9,17.55,17.35
2008-10-20,17.3,17.8,16.65,16.9,16.85
2008-10-17,19.0,19.4,16.8,16.8,17.15
2008-10-16,17.6,19.35,16.4,18.7,18.55
2008-10-15,19.5,20.0,18.15,18.4,18.35
2008-10-14,21.0,21.5,19.65,19.8,19.95
2008-10-13,18.4,20.7,17.5,19.6,19.7
2008-10-10,19.65,19.65,17.0,17.05,17.25
2008-10-08,20.2,20.2,18.25,19.5,19.6
2008-10-07,21.7,22.2,20.0,21.25,20.9
2008-10-06,23.9,23.9,20.85,21.25,21.05
2008-10-03,24.5,24.8,23.6,23.9,23.9
2008-10-01,25.2,25.6,24.05,24.6,24.65
2008-09-30,24.0,25.15,22.2,24.7,24.55
2008-09-29,25.65,25.8,23.15,24.8,24.15
2008-09-26,26.55,26.95,25.5,25.6,25.65
2008-09-25,26.9,27.0,26.0,26.4,26.25
2008-09-24,26.5,27.35,26.5,26.9,26.85
2008-09-23,26.1,27.35,26.1,26.6,26.75
2008-09-22,28.45,28.45,27.1,27.25,27.3
2008-09-19,28.0,28.0,27.35,27.6,27.6
2008-09-18,26.45,27.0,24.5,27.0,26.75
2008-09-17,28.0,28.25,27.0,27.0,27.1
2008-09-16,28.6,28.6,25.25,27.8,27.8
2008-09-15,30.25,30.45,28.05,28.7,28.7
2008-09-12,32.6,32.65,29.85,30.3,30.5
2008-09-11,32.2,32.5,32.0,32.4,32.35
2008-09-10,33.4,33.6,32.3,32.5,32.45
2008-09-09,34.35,34.5,33.0,33.3,33.35
2008-09-08,35.25,36.0,34.1,34.35,34.35
2008-09-05,35.1,35.4,34.45,34.5,34.65
2008-09-04,35.4,36.45,34.9,35.8,35.8
2008-09-02,35.7,35.85,34.9,35.45,35.4
2008-09-01,34.7,35.5,33.85,35.35,35.35
2008-08-29,34.65,34.95,33.95,34.5,34.55
2008-08-28,34.8,35.25,33.15,33.45,33.4
2008-08-27,35.4,35.75,34.6,34.7,34.75
2008-08-26,34.6,35.65,34.05,35.4,35.45
2008-08-25,36.5,36.5,35.0,35.0,35.2
2008-08-22,35.4,35.9,34.65,35.5,35.6
2008-08-21,37.6,37.6,35.0,35.1,35.35
2008-08-20,37.1,38.15,37.0,37.5,37.5
2008-08-19,36.0,37.35,35.5,37.1,36.9
2008-08-18,37.9,37.9,35.6,35.7,36.0
2008-08-14,40.4,40.4,37.0,37.35,37.25
2008-08-13,40.0,41.0,38.25,39.95,39.8
2008-08-12,36.75,38.95,36.1,38.75,37.9
2008-08-11,36.45,37.2,35.9,36.5,36.65
2008-08-08,36.25,36.45,35.25,35.45,35.55
2008-08-07,35.85,36.3,35.6,35.8,35.85
2008-08-06,37.4,37.5,35.5,35.65,35.8
2008-08-05,36.0,36.75,35.3,36.4,36.3
2008-08-04,35.4,36.65,35.0,36.1,36.15
2008-08-01,34.0,35.8,33.75,35.5,35.45
2008-07-31,35.15,35.5,34.3,34.55,34.7
2008-07-30,35.8,35.95,35.3,35.5,35.55
2008-07-29,34.1,36.9,34.1,34.7,34.95
2008-07-28,35.25,36.1,34.1,35.65,35.85
2008-07-25,33.0,35.45,33.0,34.7,34.6
2008-07-24,35.2,35.2,33.2,33.9,33.9
2008-07-23,33.5,34.85,33.25,33.9,33.95
2008-07-22,31.25,32.75,31.2,32.65,32.3
2008-07-21,32.5,32.5,31.3,31.5,31.6
2008-07-18,31.9,32.25,31.2,31.95,32.05
2008-07-17,32.4,33.9,31.1,31.3,31.55
2008-07-16,31.4,32.4,30.55,31.8,31.35
2008-07-15,32.0,32.45,31.45,31.5,31.5
2008-07-14,32.5,34.2,31.6,33.0,32.65
2008-07-11,34.9,34.95,32.0,32.35,32.45
2008-07-10,33.1,34.45,32.75,34.05,34.15
2008-07-09,32.5,34.15,31.95,33.8,33.8
2008-07-08,31.25,31.8,30.0,31.6,31.4
2008-07-07,30.5,32.1,29.0,31.6,31.5
